25.86944733 0.11741047 -12.85575352 4.74676838
26.01925011 0.26646496 -12.86077995 3.38915386
25.77797928 -0.33804099 -12.89298783 5.45813237
25.86743202 0.11247063 -12.74861622 4.41782141
25.80202636 0.00675594 -12.56629162 4.23935995
26.08081627 0.02719385 -12.64270249 3.57472439
25.74641533 -0.33972425 -12.82737847 4.43789110
25.73817901 -0.71747723 -12.87387390 5.48615446
25.56332817 -0.95219174 -13.01803493 4.76538286
25.86674652 0.13666168 -12.96522427 3.32040787
25.80838852 0.05510806 -13.08871422 3.33159985
25.89952774 0.00953825 -13.24977150 4.39350500
25.79845352 -0.32396528 -12.96555404 3.97892580
26.01379204 -0.56049192 -12.97111473 4.56664367
25.97150154 -0.90408824 -13.14520569 4.28912859
