7.31547499 0.24703201 -7.52557888 3.91477127
7.23924446 0.48587683 -7.61047716 3.62815518
7.32294531 -0.29280407 -7.50366421 4.69086571
7.42264529 0.25097485 -7.64263363 3.34035568
7.48058729 -0.00913826 -7.68671751 2.84495826
7.33946915 -0.17767823 -7.76301813 2.01583388
7.37846746 -0.28657633 -7.59304466 3.81264963
7.34286852 -0.67424564 -7.67531433 3.79052787
7.49670543 -0.99314260 -7.49632168 3.13364778
7.20914622 0.25071041 -7.41064710 2.68645916
7.13441114 0.00698904 -7.32673845 2.68806968
7.01701489 -0.18010534 -7.43871412 2.38852754
7.24631539 -0.29724048 -7.42675934 3.94800229
7.22511568 -0.69418314 -7.44382334 3.32594509
7.33827076 -1.07336748 -7.42468853 3.45982547
