7.65218630 0.25056232 -8.30409259 3.47839307
7.64357395 0.44714918 -8.10884037 3.83358292
7.67536392 -0.28085364 -8.29805279 4.36257305
7.48968954 0.24892447 -8.32042217 3.16810789
7.38800792 0.00446004 -8.41866207 3.03663640
7.34298267 -0.23228421 -8.40862465 2.11631441
7.56274100 -0.27615310 -8.28294716 3.48988629
7.50513534 -0.65000771 -8.12941360 3.80896087
7.46282835 -1.04922419 -8.12015448 3.16597705
7.81605883 0.25088581 -8.28703956 2.54369998
7.96300945 0.02543799 -8.24979191 2.80393276
8.00326071 -0.09319536 -8.05796032 2.79281979
7.78845578 -0.28202676 -8.30449505 3.70350332
7.84769192 -0.68584287 -8.34312725 3.33238468
7.86778231 -1.05762794 -8.49015140 3.49078874
