8.09742050 0.24429992 -9.76821366 3.30727682
8.33092823 0.40369160 -9.77006245 3.44784274
8.02070084 -0.29309221 -9.79721184 4.25615358
8.09172535 0.23671253 -9.60576992 3.02935820
8.03857517 -0.03154342 -9.55650158 3.10572110
8.08862362 -0.26019995 -9.56227836 2.40167947
8.01982193 -0.29646840 -9.68462410 3.38671761
8.12400169 -0.67863818 -9.64227733 3.73582759
8.04355717 -1.06689267 -9.61018811 3.30498142
8.10804042 0.24374717 -9.93312207 2.54843812
8.09104805 -0.02744579 -10.00105915 2.65982451
8.15222798 -0.26236222 -10.00066261 2.70342841
8.01473637 -0.28903144 -9.90958538 3.57918530
8.01487808 -0.67856365 -9.94764500 3.29229155
7.91856089 -1.05877344 -9.95990982 3.41299586
