6.21823695 0.53876065 -8.38887925 4.81525716
6.21525331 0.75730158 -8.43021388 2.85550429
6.14193454 -0.00564789 -8.39326782 4.74362764
6.28283433 0.54245089 -8.52908434 3.95088022
6.32221615 0.67433285 -8.70797563 4.13392640
6.24532290 0.64525287 -8.55467897 5.09817448
6.21398863 -0.00923087 -8.47031240 4.21932857
6.34004772 -0.44409443 -8.47075872 3.87137320
6.43255780 -0.83406556 -8.43632679 3.15050144
6.11793806 0.55336378 -8.29397044 2.87223478
6.09060862 0.60522381 -8.24380484 2.38617587
6.08207652 0.59334938 -8.31789389 5.37318908
6.07292900 -0.00899699 -8.32494502 3.88512237
6.05281522 -0.46695196 -8.36453162 3.23678155
6.10073374 -0.87270271 -8.31170759 3.20620134
