6.85767260 0.25929042 -10.98682060 4.30467282
6.80159921 0.45869342 -10.80308952 4.43266935
6.89221649 -0.27933708 -10.97272587 5.03162060
6.69274340 0.25470816 -10.98521805 4.04810896
6.65104218 -0.03639429 -10.99734726 3.81284847
6.63669081 -0.26465836 -10.92957325 3.54054480
6.78405666 -0.28138509 -10.95695000 4.07428904
6.76506415 -0.64683993 -10.87253189 4.90466995
6.78017530 -0.93281924 -11.12091942 4.00013275
7.01881819 0.25700173 -11.01393471 2.87556734
7.10915670 -0.01732578 -11.01225853 3.20990181
7.15553436 -0.21338850 -10.89522304 3.13984146
7.00226965 -0.29158798 -10.99372902 3.91152315
7.02122946 -0.67759265 -10.96236267 3.82219300
6.95718537 -1.06063554 -10.99271641 4.38074732
