6.11168080 0.22024283 -9.06172829 4.04486532
6.17446375 0.39531807 -9.15968113 3.83361015
6.08812351 -0.30353670 -9.07847824 4.81992073
6.25055618 0.21932225 -8.99036427 3.78713012
6.48156938 0.09687806 -8.91664047 3.53771610
6.74929066 0.10291428 -8.98622875 2.96774617
6.17477188 -0.31610235 -9.01838799 3.94371228
6.21880322 -0.70667934 -9.01379128 4.07819238
6.13933573 -1.06773014 -8.87375965 3.43900766
5.97556867 0.22395696 -9.13616581 2.80593447
5.76359234 0.12313896 -9.22829952 3.22330728
5.65818805 0.16920122 -9.41658821 3.54992505
5.99689083 -0.29527308 -9.14042835 3.93602553
5.96906862 -0.67365284 -9.29751893 3.34525404
5.81503439 -1.03701244 -9.26639138 3.88460865
