6.34372072 0.24910409 -9.90909462 3.47707129
6.53940763 0.45353317 -9.89118862 3.61931939
6.34195213 -0.28233404 -9.91877975 4.32249470
6.34872388 0.25369156 -9.74278145 3.17307057
6.32001658 -0.01552936 -9.66984749 2.98194756
6.42133589 -0.23095905 -9.67595367 1.98240955
6.34688282 -0.28230257 -9.80278302 3.75994043
6.52537480 -0.64288112 -9.82988891 3.94884391
6.43346958 -1.04001031 -9.85683174 3.65883465
6.35120602 0.24284635 -10.08038521 2.55069375
6.41958141 -0.02230441 -10.18627643 2.76759042
6.53689566 -0.24130751 -10.24164295 2.93735461
6.32710419 -0.28359889 -10.03474083 3.57969003
6.31021557 -0.67147351 -10.04787674 3.02995272
6.21351328 -1.07704561 -9.99342708 3.48898926
