28.98464585 0.19762177 -8.41099052 4.79256134
28.93530693 0.40538878 -8.27245999 4.02969380
29.10543289 -0.32099152 -8.47765655 5.63841944
28.83587342 0.16147389 -8.45418243 4.33655157
28.84028969 -0.11324995 -8.49575901 4.18550386
28.82523346 -0.32131788 -8.39333534 3.40954809
28.99800491 -0.33812618 -8.47724399 4.37784329
29.01379547 -0.73756881 -8.39509830 4.88535156
29.12890396 -1.09332116 -8.54219856 4.35458545
29.13354073 0.22265573 -8.38528175 3.72761130
29.29712906 0.02814991 -8.32993164 3.46361609
29.07521286 -0.00028767 -8.24121284 3.54551945
29.21596146 -0.30881144 -8.48774337 4.07890778
29.28817253 -0.68036634 -8.34759655 4.26057281
29.42548676 -1.01247480 -8.41155205 4.83212519
