7.28703241 0.05774844 -10.60779152 3.74009118
7.38216973 0.24283405 -10.47009049 3.75496907
7.28735466 -0.42257206 -10.74400578 4.41824484
7.17419071 0.04867563 -10.51317959 3.34989628
7.07711363 -0.17078817 -10.35406952 3.22684631
7.15649634 -0.34918038 -10.17580681 2.19476991
7.21322079 -0.42475556 -10.66837178 3.76076050
7.35090599 -0.78096682 -10.56260071 4.18351326
7.37386932 -1.07583234 -10.78341369 3.24030247
7.41247587 0.07017073 -10.69288788 2.73256550
7.45882235 -0.11469223 -10.88031292 2.98473167
7.53236380 -0.33844803 -10.92300320 2.76289888
7.36474953 -0.41373491 -10.81651821 3.94485845
7.49737911 -0.76600519 -10.89705181 3.70454717
7.45575399 -0.93477311 -11.22748184 3.17133637
