7.04046250 0.26334570 -7.07791615 3.57319465
7.20023222 0.46461573 -6.99854097 3.63146916
7.04362555 -0.28315781 -7.10754738 4.44189854
6.95381164 0.26456116 -6.94973603 3.25130139
6.85625543 0.00956960 -6.91994085 2.95396600
6.92284078 -0.21372173 -6.86112080 1.95372229
6.97805204 -0.28591144 -7.01893997 3.61426248
6.98568554 -0.68030572 -6.99470119 3.66989259
6.91733113 -1.08568754 -6.99801350 3.16286506
7.12689762 0.26748842 -7.21022434 2.66920185
7.18750029 0.01050296 -7.29587870 2.77770805
7.28147297 -0.21017560 -7.29074507 2.46651821
7.10623607 -0.28804894 -7.20156432 3.67309761
7.13006811 -0.68298073 -7.23248082 3.17123933
7.13455076 -1.08394833 -7.28310375 3.52891135
