3.97630186 0.23949191 -4.40003243 3.96509933
3.80146947 0.43713583 -4.35405979 3.87326741
4.03008175 -0.32449167 -4.41446877 4.75593958
3.94097252 0.24233881 -4.56727238 3.47470174
4.05026798 0.02508942 -4.69563665 2.98413195
4.01609783 -0.20853741 -4.72043524 1.87949786
3.98270864 -0.32356670 -4.50954427 4.04888282
3.80658884 -0.71158678 -4.44461002 4.34700375
3.69066248 -1.08635032 -4.39242277 3.94876113
4.00677147 0.23645679 -4.23165569 2.92514448
4.15437307 0.03181389 -4.12959290 2.90188236
3.94155503 -0.05792709 -4.07132149 3.05580020
4.08636684 -0.33642236 -4.32235518 3.98331170
4.20235882 -0.74327284 -4.32815561 3.18545132
4.33862705 -1.11930730 -4.41930685 3.69788871
