18.22022323 0.08592718 -10.49560451 4.88172140
18.37332153 0.22921028 -10.61002159 4.57604971
18.12721634 -0.36483762 -10.41745701 5.45436420
18.24415856 0.11886468 -10.35596657 4.55314693
18.16244469 -0.06138002 -10.19503155 4.03583831
18.26530037 -0.27408793 -10.23041096 3.67879014
18.15143929 -0.35983887 -10.31098995 4.33585682
18.26181527 -0.70711907 -10.35717812 5.23205013
18.11066933 -1.02002497 -10.32918682 5.36365289
18.21904869 0.04515571 -10.62859211 3.38878679
18.22558517 -0.22081642 -10.66087513 3.66094046
18.27798538 -0.45805650 -10.69845505 4.68081531
18.08087349 -0.37432317 -10.52547951 4.16030426
18.05477409 -0.74334958 -10.51905518 5.10356551
17.77173538 -0.94467547 -10.43587341 5.11013641
