23.56194038 0.20427516 -13.27418708 4.74218950
23.50309906 0.33791486 -13.42766132 4.32191572
23.59883384 -0.31484787 -13.23367405 5.26082306
23.72215423 0.20505959 -13.30271817 4.12939863
23.79414024 -0.03223762 -13.28157616 4.69713392
23.83804131 -0.23240155 -13.31480045 4.19218254
23.67446365 -0.31537301 -13.31160603 4.19716368
23.51033554 -0.68413204 -13.40466576 4.44229374
23.47906723 -1.07207001 -13.53017998 4.03822622
23.41234932 0.20082257 -13.22555485 3.10026922
23.26450920 -0.00987279 -13.21675453 3.74555411
23.24058533 -0.10471224 -13.42475338 4.19458113
23.52452660 -0.31448629 -13.15391503 4.21843681
23.50746842 -0.69426774 -13.06133785 4.11466741
23.60346947 -1.03497395 -12.88674679 4.39385309
