7.00250654 0.22072643 -7.02567749 3.71829853
6.92885618 0.42903385 -6.87652178 3.69343376
7.02510653 -0.30999874 -7.05461950 4.69417171
6.84576388 0.23215725 -7.07524624 3.40673142
6.74518394 -0.00085977 -7.15257463 3.18340616
6.70963574 -0.08429185 -6.94074898 2.38455859
6.94960308 -0.31062069 -7.13050613 3.66982431
7.03575248 -0.69821776 -7.22178516 3.87254186
7.19788847 -1.04796424 -7.40275316 3.32443800
7.16554146 0.21864788 -6.97441550 2.70450664
7.26165772 -0.00350404 -7.10607462 2.76755414
7.33244686 -0.22193580 -7.17939901 2.52928315
7.10553084 -0.31480454 -6.97806215 3.83828335
6.97882366 -0.67133751 -6.82933502 3.27768889
6.91125794 -1.05908847 -6.75033551 3.51025839
