26.33814459 0.19985847 -12.37745981 4.79975599
26.45092808 0.36639025 -12.36572819 3.35437139
26.28212503 -0.27670500 -12.40261527 5.50112345
26.31380800 0.19107746 -12.28947742 4.39212073
26.25102026 0.12543597 -12.10045714 4.30222012
26.53548545 0.16751371 -12.20752451 3.84555260
26.24125858 -0.27121834 -12.35961858 4.47017541
26.22165973 -0.65108442 -12.38940686 5.29993553
26.08744463 -0.90739508 -12.53787746 4.62459038
26.35754339 0.22492633 -12.46512905 3.32944305
26.32682895 0.19726259 -12.55426696 3.32828741
26.40723234 0.15477819 -12.69486147 4.55526794
26.30770352 -0.26313302 -12.45296664 4.02939538
26.48922538 -0.51877015 -12.45095763 4.43127254
26.45799153 -0.86294623 -12.62950086 4.23805852
