27.86401710 0.27742776 -9.71374054 4.69500293
27.58729401 0.44253111 -9.64511089 4.53116455
27.97771988 -0.26741803 -9.75638543 5.27183771
27.85804977 0.28508219 -9.85868931 4.10467549
27.89465408 0.03418243 -9.98407116 4.23503189
27.79342919 -0.17916819 -10.05480862 3.91772046
27.94692993 -0.26992879 -9.86059685 4.21882115
27.83677635 -0.68256906 -9.85123901 4.94180012
28.11174164 -0.94632760 -9.82938214 3.85487327
27.87486191 0.28309755 -9.56450234 3.34060684
27.97189636 0.18956087 -9.37868004 3.52104125
27.98534698 0.14187410 -9.16587696 3.41479573
28.00165519 -0.27278545 -9.65148411 4.15839396
27.93174629 -0.69168130 -9.66792317 3.95976143
27.96342773 -1.08116288 -9.74208355 4.58587951
