26.77102928 0.27897408 -8.12081604 4.35975962
26.52220154 0.40477048 -8.09759464 3.77633114
26.82216034 -0.23479484 -8.11043873 4.55026588
26.75884247 0.28236033 -8.26779595 3.80049696
26.87168923 0.07309580 -8.38492336 3.41931548
26.67945519 0.02611217 -8.27305279 2.68970270
26.82506294 -0.23478391 -8.22024689 3.91742363
26.76534271 -0.64312696 -8.19560166 4.02237416
27.05402413 -0.90339282 -8.16843948 2.48745351
26.78382721 0.27995245 -7.97035446 2.84643869
26.90997543 0.07587677 -7.87516041 2.97399253
26.68010025 0.06586415 -7.87994595 2.46828132
26.81948089 -0.23672326 -8.00113048 3.78629980
26.75067406 -0.64769479 -7.99121303 3.36349258
26.77681007 -1.04877469 -8.00497837 3.33661718
