3.68631888 0.23726742 -4.31590567 3.95849543
3.55994873 0.42900943 -4.31841145 4.11005735
3.71386027 -0.31875154 -4.31315632 4.97529764
3.64515872 0.23724687 -4.46748934 3.51556377
3.69066391 -0.01929534 -4.54846019 3.31448626
3.65263915 -0.24384162 -4.57475529 3.29317389
3.67349977 -0.32692600 -4.41031475 4.09515371
3.56446075 -0.72396070 -4.34311847 4.46598129
3.52692885 -1.12843292 -4.27118483 3.30085969
3.72890034 0.23855226 -4.16414833 2.84362316
3.80469008 0.03494357 -3.99951906 3.02201414
3.60255523 0.03941930 -4.00742139 2.88051247
3.76312399 -0.32641710 -4.22054892 4.07769251
3.86413722 -0.72267638 -4.22609930 3.39220018
4.13265629 -1.00431943 -4.30607424 3.26952548
