16.72355804 0.08655305 -8.87991905 5.30732040
16.66873665 0.15195582 -8.64778309 3.78241720
16.79130325 -0.25252614 -9.17586689 5.24549856
16.59110641 0.08942061 -8.90521431 4.41393824
16.57687492 -0.13412068 -9.06172314 3.77943268
16.61131973 -0.37485247 -9.06841526 3.39262028
16.68875198 -0.26868695 -9.17219448 4.12569675
16.71991806 -0.64611972 -9.11889820 4.49018574
16.69892273 -1.03237000 -9.12215328 3.89087386
16.86303673 0.08200241 -8.84851436 3.49372354
16.90521050 -0.13696990 -8.98678302 3.21288571
16.81751823 -0.35904419 -9.02979736 3.56638675
16.88868294 -0.24824108 -9.20530185 4.23232956
16.94125481 -0.63449126 -9.22450466 3.79774475
16.96767807 -1.01725452 -9.24156456 3.89544993
