6.70084543 0.24076994 -11.62981034 3.49267573
6.66655255 0.46034271 -11.47067166 3.78395129
6.73233719 -0.31498427 -11.61481018 4.26489534
6.53655405 0.24430958 -11.58833943 3.18743586
6.44615907 -0.02725403 -11.57273350 2.97287121
6.46411399 -0.25206186 -11.49219913 1.77267454
6.62700214 -0.31689815 -11.58431759 3.56119275
6.69356175 -0.68936251 -11.56777783 3.64088407
6.74621649 -1.07760789 -11.58691044 3.52687931
6.87074566 0.23439442 -11.66047020 2.31657247
6.93518886 -0.04547386 -11.65602703 2.76328077
7.00735073 -0.26921697 -11.60396385 2.93188429
6.83934994 -0.32007205 -11.64729081 3.51862269
6.86037502 -0.69888458 -11.66194763 3.49359427
6.68468895 -0.92117049 -11.94510345 3.47684612
