19.17442894 0.26182640 -8.03610916 4.59201069
19.38463058 0.43693344 -8.02845974 4.24497357
19.14128647 -0.26142207 -8.05050698 5.29479618
19.18571282 0.26814040 -7.87201920 4.31520453
19.17487183 -0.00071687 -7.81885519 3.79078789
19.22607765 -0.23218368 -7.79359855 3.72199821
19.15000572 -0.27061138 -7.93980122 4.11586942
19.25640907 -0.64757302 -7.99185887 4.94327431
19.22799988 -1.02320892 -8.03302574 5.22116070
19.17220878 0.26244936 -8.19661618 3.25182672
19.17442627 0.00756993 -8.29160939 3.47036987
19.29120446 -0.18554129 -8.32348671 3.66261854
19.11913528 -0.26282632 -8.15457802 4.20581484
19.12984199 -0.65152669 -8.13619232 4.24793730
18.85628776 -0.88374386 -8.07497253 4.26441040
