27.48164825 0.07520291 -6.39760301 5.27842603
27.31047081 0.14164964 -6.38794681 3.59747060
27.73301323 -0.27007688 -6.31719635 4.91661913
27.53995209 0.08367836 -6.51175722 4.54077438
27.65505752 -0.16455635 -6.51091680 3.89241941
27.70999436 -0.39072673 -6.48335972 3.82322924
27.80406792 -0.26625901 -6.39383722 4.21999149
27.77493034 -0.63903901 -6.45345482 4.17323506
27.82159713 -1.03502427 -6.42439979 3.61496986
27.39443894 0.06451063 -6.29610334 3.35605970
27.46921700 -0.18032639 -6.24451309 3.27237993
27.55490166 -0.41149969 -6.23621406 3.59945459
27.67006134 -0.28091156 -6.22938839 3.79004828
27.61077705 -0.64146075 -6.23938325 4.35885858
27.69777664 -1.02330814 -6.19711366 3.69531936
