21.52432442 0.21445065 -9.27716331 4.07194872
21.41571274 0.41579583 -9.23732491 4.28544617
21.55885544 -0.30812626 -9.27640591 4.95334816
21.49897766 0.21240267 -9.42740193 3.83861451
21.58088417 0.00115683 -9.55387993 3.66968351
21.45884666 -0.00404682 -9.37451153 3.49599237
21.52358055 -0.31023197 -9.37596836 3.82111473
21.40917358 -0.68635217 -9.34029312 4.51012306
21.76624489 -0.78622104 -9.39498749 4.05487213
21.56601639 0.21082852 -9.13108216 2.98417039
21.63615189 -0.02507784 -9.04786377 3.29562617
21.43781318 0.02119044 -9.07661286 3.56604895
21.59540062 -0.30572124 -9.17810383 4.02510624
21.57561226 -0.69659621 -9.20511227 3.71489935
21.74173164 -1.03661881 -9.27894096 4.17249069
