7.73407764 0.22623017 -8.62242412 3.42044592
7.77188292 0.43583156 -8.45371933 3.83073282
7.77263231 -0.31505462 -8.62334156 4.39933300
7.56914053 0.22885262 -8.60612774 3.22918706
7.45518961 -0.02809959 -8.62346554 3.17978211
7.44754925 -0.23980998 -8.51422977 2.18745108
7.66095505 -0.32050333 -8.62946472 3.59575882
7.66513300 -0.70926994 -8.65879059 3.94063754
7.74893208 -0.92764346 -8.96798458 3.05998969
7.90310364 0.22632800 -8.63650532 2.50171032
8.00439968 -0.01316417 -8.74896336 2.80417481
8.11617375 -0.22669353 -8.79036407 2.43870273
7.88674088 -0.31652500 -8.61576462 3.62772284
7.88707323 -0.70160276 -8.51832409 3.20317011
7.87208147 -1.07560935 -8.50903377 3.34986258
