7.98954296 0.29692866 -9.41112003 3.69924712
8.16760864 0.50437452 -9.39891396 3.73926630
7.98695488 -0.23254199 -9.43038502 4.67381067
7.94788856 0.30237061 -9.25887737 3.48585715
7.81087637 0.10321112 -9.15259724 3.24557857
7.90797796 -0.09929752 -9.24454518 2.36092286
7.94049349 -0.23651317 -9.33520012 3.96249332
7.96931897 -0.65174631 -9.34466153 3.86796946
7.91746988 -1.07703276 -9.37141647 3.26698671
8.03828754 0.29252967 -9.56543598 2.63914438
8.02432499 0.08093924 -9.73817062 2.76116137
8.08963203 -0.09736582 -9.61404781 2.47627888
8.03320274 -0.24165883 -9.53116017 3.91441975
8.05091973 -0.64876689 -9.54183331 3.27248717
8.03203449 -1.06386726 -9.55225296 3.67149992
