6.30314054 0.25753109 -12.37670994 3.36000271
6.28773203 0.48180834 -12.21182289 3.69505672
6.33805342 -0.29341000 -12.38303642 4.26317692
6.14034147 0.25721827 -12.36065902 3.25517745
6.03330870 -0.00879305 -12.31471062 2.94922247
6.05536309 -0.17302134 -12.12468872 1.79089899
6.22736731 -0.29609264 -12.36833039 3.49142509
6.22198363 -0.68100927 -12.34302997 3.61791687
6.20662994 -1.07848820 -12.40603828 3.40251579
6.47377481 0.25468361 -12.39085865 2.42840462
6.53729067 -0.00893100 -12.34972878 2.71050034
6.57710027 -0.19284476 -12.20869427 3.16710825
6.45330925 -0.29708366 -12.39146385 3.28992471
6.46620235 -0.68342974 -12.36035576 3.19623828
6.42668323 -1.07712967 -12.42180347 3.60059576
