22.33709946 0.17015070 -5.82061920 4.27679615
22.10824738 0.24825872 -5.80336990 3.55356636
22.44205971 -0.31116355 -5.82293425 4.93365030
22.29203682 0.17125341 -5.96692037 4.00839615
22.37200928 -0.04607431 -6.10462532 3.66214318
22.29018746 -0.24026044 -6.00421066 3.39773669
22.42763329 -0.31536781 -5.92742643 3.89266806
22.44558678 -0.70599527 -5.91648674 4.50417042
22.75960427 -0.87129741 -5.93229523 4.39344568
22.38711052 0.16489165 -5.67713862 3.11552911
22.48054390 -0.06777092 -5.61073256 3.31635017
22.28819771 -0.17607843 -5.59269209 3.38372174
22.46109619 -0.31356545 -5.71912308 3.93558674
22.38577080 -0.69736662 -5.72772903 3.97298069
22.52158165 -1.04568198 -5.76301117 4.53771963
