7.12960501 0.23952969 -7.75587035 3.74588623
7.04809618 0.49748300 -7.81336956 3.56151676
7.11038055 -0.30762743 -7.73256626 4.41391297
7.21861391 0.24091228 -7.89909248 3.22298994
7.28121395 -0.02534053 -7.96938181 3.02414875
7.13720961 -0.20435197 -8.04341240 2.27104034
7.15597363 -0.30420214 -7.83298626 3.57415447
7.10804395 -0.68245965 -7.93034497 3.60929461
7.14685144 -1.07485091 -7.92925262 3.25068741
7.03941250 0.24387105 -7.61888914 2.63412432
7.00582066 -0.00982416 -7.52967882 2.63707046
6.89231596 -0.20621234 -7.63534536 2.34880051
7.05672531 -0.31150623 -7.63863411 3.59767995
6.97911577 -0.69127842 -7.69844761 3.28956065
7.22636175 -0.95811041 -7.55956030 3.33621583
