9.03398742 0.02695487 -11.20604915 4.72395143
9.19631500 0.11517653 -11.37589188 4.11009083
8.83528920 -0.36414093 -11.04099426 5.03716497
9.14486351 0.05248974 -11.07855129 4.21185379
9.10567627 -0.17388216 -10.90360203 3.77074824
9.11931991 -0.41614522 -10.87208290 3.87459335
8.89857444 -0.36776961 -10.95056953 4.27496672
9.08067150 -0.72932995 -10.88979435 4.86778126
9.06786824 -1.06954928 -10.73550949 4.36283626
8.93842220 -0.01286609 -11.33299523 3.01850953
8.83321648 -0.26430172 -11.33005810 3.12257595
8.79038582 -0.51850260 -11.34053764 3.53353519
8.75675335 -0.36244062 -11.12350368 3.86046410
8.70760174 -0.71589166 -11.29222851 4.13631163
8.48194885 -1.03637479 -11.29545517 4.40704851
