16.71326255 -0.05520224 -8.67425079 4.67821484
16.55964241 0.02460324 -8.49095230 3.67896795
17.00624543 -0.29626517 -8.92648068 4.89547043
16.64618645 -0.04120052 -8.79034824 4.11006775
16.71521149 -0.28757780 -8.87073192 3.57190628
16.80999603 -0.50612807 -8.90107784 2.25301270
16.97085151 -0.29182116 -9.03188019 4.20372600
16.83601646 -0.67451147 -8.94524936 4.39058714
16.84960060 -1.05460618 -8.91706486 4.09501638
16.78705940 -0.06667858 -8.55985031 3.25681276
16.90789185 -0.31058233 -8.61833858 3.29890776
16.93340225 -0.53717706 -8.68815441 3.37184591
17.06156311 -0.30166417 -8.82783489 3.26738300
17.00466804 -0.67252719 -8.71006260 4.16145038
17.03987465 -1.04583576 -8.70219784 4.08041821
