2.04850213 -0.02987561 -4.01273139 4.64775207
2.07740500 0.04732620 -3.88602887 4.45307697
2.15871887 -0.43190614 -4.16897901 5.21829356
1.95596107 -0.04089466 -4.05182505 4.47331042
1.86435491 -0.28275487 -4.20664501 3.45495468
1.85522938 -0.39744960 -4.05120770 3.35027668
2.07328703 -0.43092488 -4.20780479 4.17250533
1.89934482 -0.78104445 -4.13771979 4.62420151
1.82923883 -1.16318564 -4.14683681 4.07233885
2.15200053 -0.01873457 -3.96724510 3.17937541
2.18478658 -0.25861064 -4.05093236 2.82066263
2.09585948 -0.46180601 -3.95496877 2.88827851
2.25277445 -0.44040152 -4.13412227 3.82513825
2.22461457 -0.78788414 -4.02688689 4.15503120
2.32300875 -1.13671991 -4.11611043 4.06626701
