9.33085613 0.17830847 -7.64856568 3.78605876
9.44039535 0.37340638 -7.78543682 3.71950059
9.24981670 -0.33187991 -7.59405641 4.40872326
9.47767486 0.16611330 -7.58849525 3.38215399
9.50088920 -0.09903657 -7.49997902 3.37947865
9.54485855 -0.33510092 -7.53924065 2.45189424
9.34294053 -0.33593936 -7.53550301 3.58095517
9.35636463 -0.71376060 -7.47603960 4.16532421
9.29617672 -0.94768722 -7.15439901 3.32550516
9.18069324 0.18452678 -7.71148872 2.69270038
9.04176540 -0.06330681 -7.66173105 2.75808773
8.98968067 -0.30731131 -7.68020974 2.24135880
9.14786854 -0.32582986 -7.64649315 3.78129826
9.08161660 -0.69644299 -7.74580659 3.17543988
9.00849247 -1.06718307 -7.66017866 3.45813318
