29.14347344 0.05423080 -8.45429039 4.24417133
29.22145614 0.31396654 -8.38346729 4.56091833
29.18502693 -0.44501498 -8.48412094 5.10014525
29.03355675 0.06267086 -8.30839233 4.25578194
28.91103515 -0.17442950 -8.26345272 4.50337925
28.94682923 -0.36033623 -8.13837309 4.84224281
29.12561989 -0.44650896 -8.36818695 4.27849407
29.34402771 -0.67953834 -8.10621605 4.80358505
29.39269104 -1.07213576 -8.04619007 4.02476806
29.26920357 0.04175628 -8.57471829 2.86822396
29.37991982 -0.22663475 -8.58103981 3.01522370
29.52605362 -0.39451884 -8.45937709 3.32271814
29.24493256 -0.44139539 -8.59522972 3.88945131
29.31144447 -0.83673184 -8.63101597 4.04553032
29.08368187 -1.05079093 -8.82873344 3.87475701
