25.56542130 0.25612701 -6.44045200 4.13597374
25.36463700 0.43296123 -6.42908211 3.68694940
25.62007713 -0.24568979 -6.44653215 4.71580811
25.58327446 0.25920922 -6.59620676 3.89589558
25.71286507 0.07546047 -6.73314982 3.63324227
25.61343612 -0.14522774 -6.71540337 1.93270016
25.61074753 -0.24729090 -6.55268116 3.98082113
25.42010727 -0.63235980 -6.52742271 3.81114040
25.25410538 -1.00724568 -6.51753406 2.95023307
25.54393234 0.25261176 -6.28152561 2.80713405
25.44999733 0.02196537 -6.17361755 2.94805384
25.23486938 -0.11068733 -6.20436182 2.99724317
25.62635841 -0.24652674 -6.33878966 4.14543514
25.74574776 -0.64563115 -6.35443239 3.40713272
25.94551544 -1.01828008 -6.44072456 3.37049651
