9.63343544 0.22710882 -10.63306847 3.50644288
9.87911720 0.38031757 -10.68889561 3.47438631
9.45155545 -0.26389461 -10.62784996 4.50215120
9.63256493 0.23142758 -10.47468147 3.12515888
9.57368641 -0.01710101 -10.39387569 3.17978812
9.64623833 -0.23489684 -10.41853523 2.17050433
9.45089359 -0.26989950 -10.51457481 3.61284499
9.50063324 -0.65589061 -10.50756626 3.68123522
9.46632938 -1.06259823 -10.51755238 3.43490200
9.63785534 0.21308237 -10.79232903 2.63159247
9.59541359 -0.05425461 -10.85162716 3.00936518
9.66756859 -0.28500373 -10.83403130 2.98488016
9.44366932 -0.26446852 -10.73818550 3.93094645
9.44965954 -0.66043611 -10.77532158 3.22457566
9.43101730 -1.06352361 -10.78732567 3.50428448
