9.97863655 0.20912673 -9.73183956 3.44207378
10.21516132 0.38942479 -9.71948853 3.64519081
9.98164024 -0.31787314 -9.77491856 4.46720028
10.00735970 0.19912203 -9.56997280 3.19771352
10.02828770 -0.06707913 -9.49077339 3.18252001
10.21895180 -0.22296182 -9.48786049 2.48254066
9.96123390 -0.31898530 -9.66593647 3.63277950
9.93515434 -0.70565700 -9.69911118 3.79830623
9.75088196 -1.03992083 -9.79121933 3.31278410
9.95202828 0.21348100 -9.89459762 2.59767485
9.86567250 -0.03469314 -9.98601647 2.89543724
9.80451527 -0.26032110 -10.04223175 2.35731459
9.99861584 -0.31712316 -9.88191585 3.76994443
10.19478340 -0.67384096 -9.80040608 3.59987097
10.32821007 -1.04660916 -9.72489281 3.58651533
