25.16867638 0.23567995 -13.19180489 4.28890800
25.17323112 0.43598244 -13.03704357 4.44174528
25.19709015 -0.30284646 -13.20313263 5.20614433
25.05517387 0.24451935 -13.07114124 4.31432009
24.96428490 -0.02161722 -13.01527309 3.83938265
25.03079033 -0.20392154 -12.85024071 3.07942247
25.09981537 -0.30761880 -13.14895248 4.29697704
25.07437325 -0.69304174 -13.21891594 4.03742313
24.90490913 -0.99136078 -13.47740746 3.34086585
25.28838730 0.23770264 -13.31286716 2.85736895
25.32080078 0.00019325 -13.46509171 2.91228127
25.41383171 -0.21176717 -13.58700943 3.63547659
25.29238892 -0.30946416 -13.26306534 4.24699354
25.33738518 -0.68461239 -13.14771843 3.62986636
25.34844398 -1.07509685 -13.07019043 3.69431615
