5.28835440 0.24029986 -11.14417667 3.68664975
5.25112543 0.46630543 -10.98162689 4.30311508
5.31823139 -0.30512051 -11.20821838 4.62282810
5.12032938 0.22882753 -11.12737598 3.49190688
5.03276167 -0.04222088 -11.19429035 3.05028228
5.02164316 -0.27422202 -11.15936642 2.61448326
5.20669594 -0.30140967 -11.22093448 3.67288494
5.17656221 -0.68564333 -11.30954876 3.60938807
5.14549856 -1.07779622 -11.43387832 3.44179120
5.46096430 0.23798519 -11.16720619 2.58620176
5.54661178 -0.02803391 -11.23389855 2.69642005
5.56493435 -0.25331744 -11.16799698 2.23778525
5.42744513 -0.30831966 -11.19636002 3.49636135
5.44726152 -0.67230546 -11.05927009 3.20368147
5.43733940 -1.08114996 -11.03489074 3.59777107
