26.03689613 0.26379678 -8.16667843 4.22629223
25.81931801 0.42885842 -8.12198963 4.53738470
26.10114136 -0.25803468 -8.15260658 4.67806120
26.07014504 0.26655583 -8.32484283 3.79270906
26.21747284 0.06292754 -8.41581078 3.32706251
26.02190552 -0.02486550 -8.34830952 2.79559050
26.09991417 -0.26120934 -8.26075974 4.00356846
25.98544121 -0.67099374 -8.22333679 3.82462015
25.92850075 -1.06227162 -8.18076439 2.88062067
26.01040039 0.26492356 -8.01045017 2.90286803
25.97916031 0.03358773 -7.89888172 3.14612603
25.79155426 -0.06661395 -7.99489308 3.57707181
26.10579910 -0.25267152 -8.04599933 3.96453152
26.11577644 -0.66364999 -8.01953297 3.40899143
26.42960930 -0.91237093 -8.00908899 3.21551409
