7.84276075 -0.46725135 -10.77494755 3.61539722
8.04885826 -0.34514620 -10.77102566 3.26921959
7.58221731 -0.90334097 -10.78000851 5.00381222
7.85659752 -0.46704319 -10.62790298 3.18416023
7.88325539 -0.72650826 -10.60912056 3.26929617
8.07647152 -0.79888488 -10.73549499 2.87830252
7.59704790 -0.90276067 -10.67236671 4.09915028
7.99332886 -0.81691376 -10.60495301 3.16627197
7.72638169 -1.08250356 -10.66420421 3.34099422
7.84024963 -0.46764703 -10.92502994 2.58674083
7.90192280 -0.73107624 -10.97870979 2.86873460
8.11356717 -0.79816068 -10.91563663 2.63230862
7.54209423 -0.90216658 -10.87270946 4.31204901
7.93287983 -0.86215277 -11.00520249 4.22406483
7.69024992 -1.07726157 -10.89351368 3.36944294
