7.12806177 0.23208464 -10.65303536 4.21448869
6.99858761 0.40533325 -10.62034168 4.17695885
7.15700035 -0.29606464 -10.63258057 5.07631712
7.18883133 0.24525980 -10.80191021 3.82293024
7.30851565 0.00703357 -10.86233502 3.57649779
7.21628666 -0.21478838 -10.87886734 3.03786688
7.19416809 -0.29804114 -10.73386631 4.03980561
7.18735943 -0.68029635 -10.73763409 4.31110716
7.40453863 -0.93411265 -10.59021912 3.79824138
7.05789128 0.22606187 -10.50709190 2.92631140
7.08017083 -0.00721302 -10.36270275 3.05208702
6.98669214 -0.21275988 -10.27078190 3.10277386
7.10763206 -0.29912960 -10.53518467 4.02530298
7.05817395 -0.68165204 -10.59720993 4.03631372
7.10329199 -1.05422907 -10.63197384 4.38161583
