26.79515476 0.23686731 -6.73549290 4.91280832
26.66374760 0.43887767 -6.73611946 4.95157032
26.84968491 -0.26175849 -6.71399388 5.60021968
26.83350945 0.23793635 -6.89268704 4.44808393
26.91132450 0.00081437 -6.96780605 4.09796043
26.83494873 -0.19477266 -6.99063868 4.68538442
26.89163952 -0.26653956 -6.80612616 4.55947504
26.89323292 -0.65012072 -6.75766297 5.09806361
26.98271733 -0.95324972 -6.61088900 5.80090384
26.76801930 0.23941497 -6.57252559 3.64206002
26.80143528 0.03841076 -6.41265826 3.62412188
26.81276760 -0.15718240 -6.33366885 4.98076058
26.81019173 -0.26447530 -6.61782670 4.39700927
26.64356079 -0.61547818 -6.73078199 4.43504229
26.61587696 -0.98988845 -6.79026456 4.98189907
