8.94716072 0.18445215 -11.19477196 3.99258032
9.10481987 0.36244838 -11.14025536 3.23266821
8.94840851 -0.35608396 -11.21150055 4.51766586
8.81516228 0.16442482 -11.11756782 3.40247188
8.64283772 -0.04778322 -11.14054222 3.07076330
8.48389511 -0.20898775 -11.14182071 2.41462603
8.84888115 -0.35368565 -11.17419701 3.54442253
8.77178669 -0.75395823 -11.12468357 3.91454153
8.53598099 -1.03699834 -11.30141640 3.38100071
9.09395180 0.19932301 -11.23409843 2.81487294
9.28431263 0.35083712 -11.35339756 2.84195247
9.44058342 0.50616475 -11.43944950 3.29163494
9.04954071 -0.35989750 -11.25011234 3.78264456
9.17128887 -0.73656226 -11.19764576 3.55917921
9.21691208 -1.07840278 -11.38191662 3.61577654
