22.03444010 -0.03630206 -13.56301807 5.24910339
22.13032824 0.12239782 -13.65941598 3.55713470
22.06392765 -0.44181519 -13.57154474 5.80038799
22.07067687 -0.02949853 -13.42252925 4.75717543
22.13263778 -0.20452231 -13.27392445 4.01730330
22.20686436 -0.39215715 -13.28232161 3.96853641
22.08847733 -0.44529224 -13.47245620 4.66686779
22.23242969 -0.75822255 -13.55149962 5.41487583
22.06353105 -0.97946729 -13.57362827 5.27758522
22.02249813 -0.06241614 -13.72271910 4.02466388
22.08466994 -0.29522401 -13.84159663 3.41240222
22.20545909 -0.45702906 -13.88680566 3.77913841
22.02601496 -0.44844556 -13.67334032 4.49649641
22.01437918 -0.77907501 -13.77073866 4.60346443
21.79582513 -1.03904835 -13.83440447 4.58519775
