8.13913555 0.21387741 -9.68951225 3.85002470
8.29732609 0.41464787 -9.71903515 3.69285250
8.13651314 -0.30860854 -9.71820888 4.66905098
8.28293457 0.21251567 -9.63295098 3.65758743
8.37201824 -0.03401782 -9.65745278 3.92529611
8.41199036 -0.04334357 -9.89360523 4.12410765
8.23427754 -0.31147364 -9.66583443 3.88013287
8.35704632 -0.69450532 -9.67153893 4.09475460
8.37518902 -1.06871448 -9.52048435 3.76974030
7.99943772 0.21615678 -9.75744324 2.71819759
7.92030440 -0.03532022 -9.82476807 2.82053213
8.14196186 -0.09897284 -9.90262909 2.57486472
8.03547077 -0.30680660 -9.75982551 3.79771952
8.06247883 -0.68806200 -9.84826240 3.34024114
7.91539898 -1.04498475 -9.72509365 3.61245966
