12.36553059 0.26486254 -9.46942596 3.54840708
12.58173084 0.45757931 -9.48356876 3.91078997
12.32307854 -0.26253127 -9.50670567 4.42964868
12.39546738 0.26464075 -9.31024475 3.32675991
12.35248451 0.00421835 -9.23863068 3.15037069
12.42117253 -0.22506954 -9.21636982 2.42539244
12.32518654 -0.26907497 -9.40046215 3.49386091
12.38583030 -0.65922668 -9.39876499 3.84852877
12.31649247 -1.05243664 -9.40801468 3.81556954
12.32996788 0.26533570 -9.63099022 2.74575863
12.29409142 0.01042248 -9.72613754 2.96533179
12.37259273 -0.21127631 -9.75822849 2.91253038
12.30952664 -0.26346262 -9.61429787 3.77380543
12.33431110 -0.66233547 -9.63298283 3.18006439
12.33931065 -1.05633442 -9.62074547 3.78632994
