21.83535728 0.27558588 -8.11952496 4.15717068
21.94181366 0.44213810 -7.99594593 4.23088531
21.88766174 -0.26110727 -8.13273277 5.03817663
21.80078621 0.26759931 -7.95699759 3.84035864
21.70202293 0.01849086 -7.92954378 3.59155083
21.74014664 -0.18553234 -7.89673033 3.65967703
21.86842117 -0.26214077 -8.02455025 3.99076543
22.02229652 -0.62377753 -8.02071724 4.34614353
21.93850250 -0.99545977 -8.02741852 4.64032326
21.88440705 0.28333630 -8.28006000 2.98798347
21.93228378 0.04352972 -8.40359840 3.01064276
22.02760811 -0.15407242 -8.39799175 3.51530261
21.89003372 -0.26724639 -8.23978119 3.97581373
21.86129455 -0.65164511 -8.23295441 3.74528913
21.75819016 -1.02561488 -8.19188900 4.21272373
