18.07075462 0.23556856 -4.89663563 4.08869696
18.15278854 0.44217673 -5.02687597 4.14961634
18.07392235 -0.28803684 -4.91572829 4.72745180
18.15669365 0.22904912 -4.75794859 3.92697859
18.11911392 -0.02986481 -4.70231028 3.67439303
18.18249664 -0.25197826 -4.72680912 3.25361938
18.11796608 -0.29587424 -4.81779270 3.70024738
18.26206322 -0.65669596 -4.87870474 4.34270286
18.27925682 -1.03997488 -4.93037300 4.19549331
17.98512993 0.23810244 -5.03609733 3.03442659
18.00133018 -0.01881568 -5.12237587 3.16715894
18.19675865 -0.16835042 -5.14712448 3.41944838
18.02468834 -0.28889534 -5.01061354 3.96426621
17.97300567 -0.67950090 -4.97271061 3.62144728
17.84209748 -1.03463657 -4.88150997 4.13071966
