20.96732712 0.22134526 -5.81491804 3.59713721
21.10314751 0.41798270 -5.86879349 3.94056082
20.99390030 -0.28676409 -5.83630562 4.57492447
20.99135590 0.22940999 -5.66150951 3.64795732
21.04005432 -0.02350993 -5.58824730 3.42883778
21.19827461 -0.20500775 -5.63720274 2.71781516
20.98270416 -0.28645545 -5.72376919 3.47054791
20.93549728 -0.68043625 -5.72677135 4.00420570
20.77526093 -1.04153061 -5.72203016 3.99268842
20.94015121 0.21720299 -5.96843243 2.59411979
20.88319969 -0.03836973 -6.03647280 3.03622651
20.91098595 -0.27533436 -6.06479979 3.03047824
20.99348640 -0.28243193 -5.94418621 3.77640367
21.14128113 -0.64946085 -5.97260475 3.37615442
21.16349220 -1.05081141 -6.00892067 3.88286591
