23.85505028 0.22955892 -3.34871750 3.74214201
23.95684357 0.44205307 -3.46871662 3.77668061
23.84958572 -0.29753232 -3.36724739 4.47341786
23.94041595 0.22870551 -3.22004971 3.65712805
23.94468536 -0.03687243 -3.18363385 3.56271468
23.99991455 -0.26313139 -3.25771895 3.13259940
23.87041283 -0.30586179 -3.26012850 3.55116758
23.89493675 -0.69838469 -3.21039028 3.92047653
23.78155632 -1.06225545 -3.11697159 4.18642988
23.77567139 0.22910544 -3.48331160 2.73184290
23.67566566 -0.00628486 -3.54542880 2.73623476
23.87825394 -0.12954549 -3.58783093 3.14809294
23.82309303 -0.29860580 -3.47505407 3.78938651
23.86344910 -0.68358722 -3.60099264 3.67588682
23.88211708 -1.07118054 -3.71306095 3.70213403
