22.34269791 0.22646038 -4.32473879 4.52950735
22.33889656 0.41481677 -4.51243763 4.16565266
22.32195473 -0.30856410 -4.28039360 5.00315400
22.48705978 0.22907471 -4.26391029 4.13724423
22.50110893 0.00166464 -4.11978312 3.88125472
22.46230621 -0.23308014 -4.16489458 3.40220809
22.42695389 -0.30951326 -4.23536253 4.06753311
22.47968750 -0.69546169 -4.25169906 4.53584414
22.53443909 -1.06070020 -4.15713072 4.68067751
22.20728378 0.21743690 -4.38913440 2.85028391
22.09873810 -0.02241822 -4.32306842 3.23842396
22.11487694 -0.24347799 -4.37268867 3.56343928
22.21454811 -0.31070452 -4.31984663 4.07286777
22.12788582 -0.68772331 -4.33508491 3.96283932
22.03242798 -1.05197022 -4.25419197 4.29918442
