18.94109993 0.22152287 -3.46771803 3.88546543
18.78430672 0.41610349 -3.45320429 4.64953909
18.94454003 -0.28893843 -3.50250887 4.56518745
18.95931778 0.23314770 -3.62350350 3.76532245
19.02112503 -0.01670260 -3.71085510 3.67319060
18.99351196 -0.25118459 -3.74179220 3.31203718
18.95226364 -0.28688405 -3.60629168 3.49345694
18.85912742 -0.65772133 -3.67982487 4.20543089
18.83446693 -1.03632419 -3.76454921 4.14344225
18.91460800 0.20875811 -3.31099782 2.94821339
18.89208412 -0.04967233 -3.23797273 3.29639874
18.79306144 -0.27044251 -3.25297513 3.64852104
18.94052277 -0.29399808 -3.40069079 3.79723963
18.94015694 -0.68561066 -3.38800578 3.63672733
19.03118286 -1.07159641 -3.34490094 4.23843527
