17.82716751 0.24854828 -4.80575752 4.09339714
17.89004707 0.44586432 -4.95551872 4.01764584
17.85242081 -0.27945250 -4.78286743 4.71436882
17.92413139 0.26499137 -4.67955589 3.99522710
17.99821472 0.00647956 -4.63521576 3.76078844
18.10334969 -0.19557168 -4.74659348 3.66654468
17.90641785 -0.27934268 -4.68569183 3.71841908
17.98191643 -0.65420580 -4.67986012 4.20017052
17.91486931 -1.04454875 -4.65078878 4.51147699
17.73223686 0.23435481 -4.93372297 2.80122852
17.69916534 -0.03595334 -4.97449827 3.13611388
17.69683838 -0.27593473 -5.01649666 3.74053383
17.78878403 -0.28219131 -4.87353992 3.95261908
17.83065414 -0.66855288 -4.88398504 3.48057938
17.80839539 -1.05811155 -4.87320995 4.10812998
