10.06669216 0.15962106 -6.39135971 3.94173431
9.95310593 0.37203380 -6.53005686 3.70723157
10.12684478 -0.34456271 -6.35173521 4.35407601
10.19547997 0.16489636 -6.48048840 3.57721147
10.32766113 -0.07287571 -6.44794808 3.74997434
10.41156025 -0.31465716 -6.41410971 3.24973283
10.18028641 -0.34759920 -6.44745502 3.52214193
10.02568512 -0.68835890 -6.54965534 3.79040260
9.98046856 -1.06122360 -6.54552221 3.45320959
9.95072174 0.15092212 -6.28250504 2.59054003
9.86766395 -0.10971828 -6.25064211 2.91209517
9.80588532 -0.32852412 -6.38123379 3.01992722
10.06801815 -0.34233457 -6.26068658 3.69860544
10.16962414 -0.71500114 -6.17339821 3.21942902
10.34222374 -1.07015781 -6.11836738 3.85415630
