19.50546036 0.21960372 -3.34818349 3.90784874
19.33993492 0.42059682 -3.42613392 4.04460593
19.48215599 -0.28303107 -3.31081848 4.62829895
19.52469520 0.21305611 -3.50346160 3.70408387
19.51630287 -0.05600417 -3.57005587 3.71886196
19.37665787 -0.24961403 -3.53358187 3.03920002
19.50996322 -0.29260310 -3.41273041 3.80566359
19.52376976 -0.67647080 -3.37890315 4.17601166
19.62511788 -1.06215486 -3.37958880 4.30396795
19.48549232 0.22335022 -3.19226446 2.87698708
19.52275200 -0.03355473 -3.10118947 3.16582088
19.48101120 -0.26923469 -3.05508857 3.26692714
19.46075821 -0.28572225 -3.20800238 3.78802739
19.31834183 -0.65961056 -3.23382888 3.73011351
19.28887749 -1.04889295 -3.24034648 4.37150707
