13.57307815 0.21423509 -6.94647818 4.04384871
13.41682110 0.41502283 -7.00404806 4.10003881
13.55752373 -0.30267166 -6.98408385 4.81376304
13.60603447 0.22499816 -7.10293465 3.75552912
13.65296059 -0.03163285 -7.17297191 3.71179066
13.62926064 -0.26728539 -7.20559911 3.36789427
13.56738834 -0.29708348 -7.08860493 3.71498213
13.49476395 -0.63729764 -7.16537962 4.53958035
13.67836876 -0.96439617 -7.07490711 4.05705967
13.54132957 0.20276693 -6.78948421 2.91485324
13.51306419 -0.06857797 -6.74246921 3.13889413
13.43744259 -0.29992984 -6.74729042 3.13002062
13.54725685 -0.30811838 -6.88080940 3.85318499
13.55730438 -0.67276725 -6.90506802 3.83695888
13.64262638 -1.03850414 -6.93609819 4.30232258
