9.24171829 0.19279318 -6.19974709 3.69589138
9.06998348 0.39565566 -6.17733908 3.79630446
9.29657650 -0.32410330 -6.27003670 4.40672016
9.26759529 0.21478356 -6.36647844 3.35741663
9.34180832 -0.02379677 -6.45922518 3.20872164
9.33776188 -0.25692239 -6.53042459 2.33154798
9.31221390 -0.31419760 -6.37802887 3.55932784
9.31624508 -0.70694155 -6.44161320 3.77719665
9.36143684 -1.08345151 -6.53609943 3.38829708
9.21115208 0.16889721 -6.03047466 2.62461019
9.19538784 -0.09979606 -5.96008301 2.78532934
9.09306431 -0.33213955 -5.95631695 2.28620434
9.27253914 -0.33207849 -6.16392851 3.59942555
9.22304535 -0.71381432 -6.12150383 3.33902407
9.30180550 -1.08605397 -6.10108423 3.72961283
