14.14315319 0.12442535 -3.82665658 4.35634804
14.00992870 0.30797160 -3.71725202 4.29245138
14.22265244 -0.35530573 -3.78933668 5.20077133
14.07861900 0.11217850 -3.97540259 4.09946442
14.08758450 -0.14069514 -4.07529640 3.78896809
14.02974319 -0.37433389 -4.09257126 3.56620908
14.17296314 -0.36158004 -3.88243341 4.21807861
14.01798153 -0.70906526 -3.88976526 4.69943285
14.03510380 -1.07324016 -3.91377854 4.70510483
14.21944714 0.14356495 -3.68065381 3.28740931
14.33455753 -0.09138829 -3.60899472 3.25677443
14.19980717 -0.29307887 -3.54651022 3.52868795
14.26702785 -0.35426545 -3.69279790 4.12706852
14.22908497 -0.72625202 -3.62091875 4.28683519
14.49854755 -0.97722119 -3.73927617 4.61540747
