15.38245773 0.15795015 -6.41408634 4.02598095
15.58606052 0.33309716 -6.36926651 4.18995333
15.34361172 -0.34652343 -6.37538624 4.75136900
15.23882103 0.17296992 -6.33347082 3.83217621
15.12977695 -0.05618817 -6.34014416 3.52172613
15.25633049 -0.10328718 -6.15007830 3.10449648
15.24805164 -0.34492683 -6.32206154 3.93601847
15.14365292 -0.70276147 -6.15527534 4.51676369
15.03400326 -1.05366969 -6.06528664 4.19683695
15.52319050 0.14626658 -6.49220276 2.94041252
15.56088257 -0.11331147 -6.51696014 2.96487856
15.55648041 -0.13421945 -6.28888512 3.76267385
15.43566895 -0.35092986 -6.43263578 3.90621662
15.51830292 -0.72803223 -6.46581221 4.04281235
15.50053215 -1.01989555 -6.74586821 4.43849516
