17.42341576 0.10699170 -5.95711403 4.19972839
17.51289634 0.27241187 -6.13309584 3.93028717
17.38382034 -0.37265542 -5.93524179 4.93457270
17.53018380 0.09876886 -5.83259687 4.16627674
17.48958016 -0.12551563 -5.70621853 3.74462170
17.50210876 -0.31752415 -5.83336192 3.20556874
17.44816704 -0.37227457 -5.84286299 4.15391235
17.65944863 -0.69491065 -5.81298094 4.47699680
17.76404495 -1.04457545 -5.71112757 4.48258114
17.32058372 0.10907021 -6.08325367 2.93560519
17.19926338 -0.11076934 -6.15499344 3.19885564
17.27725907 -0.29805266 -6.27104111 3.67475386
17.30882416 -0.37306570 -6.02397985 4.08340559
17.19826889 -0.72278174 -6.11659403 4.09986029
16.98004685 -1.03231649 -6.08885078 4.30844050
