13.83216401 0.19399835 -6.94117842 4.09882336
13.67906227 0.41555579 -6.99124775 4.30458250
13.82758159 -0.30211224 -6.96471157 4.80896483
13.86299210 0.20663887 -7.09974956 3.83546205
13.85479145 -0.04126024 -7.20845871 3.57488990
13.71184464 -0.22921443 -7.27168398 3.03148603
13.85632286 -0.29994037 -7.06603584 3.94383536
13.94175358 -0.68592025 -7.05999870 4.43098831
14.14643441 -0.99827457 -6.96090002 4.41023083
13.81372032 0.18023172 -6.78086538 2.93544159
13.86039944 -0.08099442 -6.72266254 3.06109829
13.79694786 -0.31163033 -6.72389412 3.46859126
13.80040894 -0.30862174 -6.86147184 3.78076625
13.64922600 -0.66926006 -6.88004341 3.73235751
13.59906903 -1.06180620 -6.90224171 4.36324539
