23.27212639 0.24078003 -3.82580586 4.28641109
23.38553085 0.45456870 -3.95728101 4.51588860
23.25601387 -0.29480713 -3.86587515 4.89317398
23.38339233 0.23725219 -3.71258778 4.00242081
23.38780479 -0.04147101 -3.67687507 4.02568273
23.38814506 -0.27515625 -3.75615754 3.18416634
23.29076119 -0.30983637 -3.76305895 3.89419360
23.27091408 -0.68280516 -3.75030026 4.35964765
23.18413391 -1.06286521 -3.68490133 4.50959778
23.16004181 0.23529232 -3.93696494 2.82724852
23.07863274 -0.03574693 -3.95853844 3.14705773
23.08808327 -0.26837046 -4.03398876 3.24576473
23.19946175 -0.28531427 -3.96317038 4.03192587
23.20771637 -0.63897457 -4.07810154 3.90537396
23.13508377 -1.02071364 -4.08914137 4.20141049
