9.69590759 0.19805821 -5.41085215 3.87388296
9.57389832 0.40772209 -5.52844152 3.67477536
9.70461960 -0.33091301 -5.42590666 4.53618298
9.82174339 0.20167319 -5.51216660 3.56982823
9.93473263 -0.05543936 -5.54738369 3.49204788
10.00771256 -0.29431112 -5.61662483 3.05493026
9.80115223 -0.32573018 -5.47883701 3.80534367
9.91160126 -0.69620448 -5.51827068 4.05326948
10.05522118 -1.04337022 -5.40389852 3.58607073
9.57046127 0.18850940 -5.30537090 2.71260748
9.53106709 -0.08257108 -5.23198919 2.80911798
9.49369698 -0.33433898 -5.24525938 2.39475160
9.61014881 -0.33642797 -5.36622944 3.65254559
9.54294395 -0.71641888 -5.37851944 3.41602135
9.55349198 -1.09300704 -5.34437456 3.65827394
