18.45768432 0.19037705 -4.39309330 3.73236127
18.57252884 0.40197304 -4.48937187 4.19491024
18.47579041 -0.31492201 -4.42858953 4.74956617
18.52166214 0.19444398 -4.24260855 3.93523149
18.51940765 -0.04618997 -4.12774868 3.77478438
18.56807632 -0.26718738 -4.07370997 3.12255592
18.51751938 -0.31820835 -4.32804403 3.82457504
18.63833389 -0.68097341 -4.37611008 4.23295097
18.71189766 -1.05745466 -4.38185844 4.34049778
18.40492706 0.18916738 -4.54543524 2.81476684
18.40204964 -0.06051211 -4.64914570 3.14050836
18.47510796 -0.25304847 -4.76057873 3.34272623
18.42786026 -0.31320156 -4.52736940 3.94712582
18.32881623 -0.69292609 -4.49855432 3.78236208
18.14780579 -1.02040410 -4.42169552 4.45611258
