17.14352340 0.22049412 -3.91114054 3.81513353
17.02543335 0.41272529 -3.94570489 4.20542717
17.14687881 -0.28256308 -3.92778225 4.62932224
17.15662308 0.21784134 -4.07298117 3.80248261
17.27262993 -0.00888720 -4.14664011 3.62236610
17.26739998 -0.24253002 -4.16353464 3.26722551
17.16059951 -0.28273242 -4.03032274 3.49416208
17.05285034 -0.65260748 -4.06923599 4.14889717
17.13654137 -1.02735148 -4.03695793 4.32698784
17.12751847 0.22000536 -3.74739690 2.93395624
17.14635391 -0.03148966 -3.66063876 3.16909032
17.06439133 -0.26019173 -3.66785226 3.63757868
17.13931923 -0.28595008 -3.82524910 3.69580350
17.15973015 -0.67833620 -3.84495678 3.55674953
17.24955940 -1.06292660 -3.85749554 4.13199959
