13.07872638 0.20529986 -3.64469104 4.14300384
13.01955986 0.43808651 -3.71810393 4.48114004
13.06236992 -0.31169927 -3.68530731 5.15173883
13.11563072 0.21905246 -3.79942064 3.96052308
13.14125996 -0.03606882 -3.88677973 3.64651165
13.09751606 -0.26519372 -3.93743896 3.29749336
13.07706470 -0.30909792 -3.79422970 4.12043076
12.99979286 -0.66177541 -3.86857371 4.60927963
13.14677391 -1.01679394 -3.81990957 4.20825967
13.04523926 0.19703817 -3.48887739 3.15851512
13.02600059 -0.06158934 -3.43306474 3.25221061
12.92228450 -0.27953192 -3.44901552 3.13888283
13.04513779 -0.32246457 -3.57936793 4.10511961
13.02416363 -0.70264965 -3.57607465 3.95044122
13.11870269 -1.07834728 -3.57719183 4.33799620
