12.83058376 0.21904008 -5.02335978 3.77994509
12.74957066 0.43508691 -5.12323551 4.03313685
12.79437504 -0.28834576 -4.99358063 4.63062811
12.88759460 0.21511773 -5.17071552 3.61779604
12.93903160 -0.03238782 -5.24830237 3.37628131
12.83263798 -0.22906184 -5.34096966 2.38541827
12.84503079 -0.29301700 -5.09033118 3.77609020
12.87984981 -0.68688061 -5.06726732 3.92916999
13.00932121 -1.04734035 -5.00158634 3.90857811
12.76561851 0.22665707 -4.87742329 2.78828411
12.75692863 -0.01390977 -4.76190929 2.96437444
12.65035286 -0.23686467 -4.76243076 2.82700653
12.74626579 -0.28949326 -4.89815111 3.74240875
12.63314133 -0.66560946 -4.90190611 3.59148951
12.71795788 -1.04164109 -4.87186060 3.94731102
