10.72221184 0.21631359 -5.79525995 3.93096304
10.56918716 0.42345926 -5.87565422 3.62790275
10.67809486 -0.28984001 -5.79047441 4.48398018
10.76893044 0.21908903 -5.94785500 3.49142385
10.77695942 -0.02985450 -6.04688406 3.13528085
10.71854019 -0.25823087 -6.09573364 2.12455344
10.72492886 -0.28908706 -5.88855505 3.63299990
10.74461174 -0.68933004 -5.90198517 3.73482847
10.82474041 -1.06789792 -5.88103390 3.39648962
10.67432117 0.21584620 -5.64310122 3.10610962
10.41465092 0.23683242 -5.69059896 2.60918331
10.44039249 0.38870391 -5.89323425 2.44959760
10.62596607 -0.29354295 -5.69567060 3.82698202
10.51847267 -0.67153287 -5.69604254 3.38261533
10.47936153 -1.05612731 -5.67924738 3.65828848
