16.72185707 0.21705158 -4.17447539 4.29131136
16.74754944 0.41061564 -4.34730224 4.27754421
16.71945877 -0.29001060 -4.16593084 4.89760818
16.84420280 0.22878966 -4.06993609 4.15197076
16.94991760 -0.00937941 -4.05042705 4.48550768
16.67609596 0.14089389 -4.32503395 4.76543789
16.77288056 -0.28678841 -4.07575550 3.94190989
16.81246033 -0.66465050 -4.05186663 4.29967060
16.64786835 -1.01436956 -3.99025354 4.30344296
16.60488510 0.20826144 -4.28108148 2.92120947
16.51639443 -0.05487364 -4.32404099 3.19684735
16.50361862 -0.30008216 -4.39322625 3.77226519
16.66413269 -0.29097190 -4.25552426 3.93053775
16.76346702 -0.68042746 -4.26442080 3.53514557
16.74383736 -1.07801373 -4.25340653 3.93291388
