15.41999245 0.21050283 -4.03812313 4.26285505
15.33122730 0.40326244 -4.17662287 3.88360453
15.46167374 -0.30264610 -4.04874992 4.87867641
15.55723286 0.22241206 -4.11908340 4.08174229
15.64400482 -0.03309636 -4.09149742 3.74035454
15.63601112 -0.27310565 -4.11877108 3.53475142
15.55001831 -0.30533329 -4.10964727 4.03126335
15.55191517 -0.67890614 -4.17586899 4.45929670
15.68701458 -1.03188145 -4.11511230 4.30791903
15.28835487 0.20458591 -3.95233488 2.81988335
15.23876667 -0.05997967 -3.95460463 3.18553329
15.19813633 -0.26141182 -4.10233545 3.29058528
15.36250114 -0.30824295 -3.99922013 4.09414244
15.32389832 -0.68971330 -4.04809237 3.74309063
15.40519238 -1.06008959 -3.97732472 4.31128407
