18.32941933 0.23503297 -2.70687871 4.44897470
18.19206734 0.42551613 -2.79777899 4.15583382
18.33882942 -0.27546455 -2.67169309 5.13849086
18.33401413 0.22119797 -2.86100388 4.13450956
18.31857224 -0.04216252 -2.92067223 4.04028435
18.23533325 -0.26443445 -2.94159093 3.77837734
18.35442886 -0.28511998 -2.77958178 4.22695913
18.34813347 -0.66987996 -2.71723618 4.77671213
18.44711571 -1.04211528 -2.68781815 5.05757427
18.32134552 0.24623753 -2.54976888 2.99500689
18.34956398 -0.01098420 -2.46490807 3.56408691
18.31106072 -0.25288801 -2.43678761 4.06496773
18.33079872 -0.27438026 -2.56623483 4.06548967
18.18638344 -0.63119266 -2.58897448 4.44449387
18.27196007 -1.01020620 -2.56724258 4.92350769
