20.89366150 0.24058978 -5.80021868 3.56904139
21.03658524 0.43565917 -5.85594435 3.91838632
20.92584114 -0.27541607 -5.82891073 4.62603922
20.90960388 0.24415756 -5.64536104 3.61595649
20.95290756 -0.01840470 -5.58351688 3.46633606
21.09816284 -0.21244709 -5.59490280 2.68821845
20.91216507 -0.28150703 -5.71743116 3.62564855
20.90155983 -0.67052506 -5.72442446 4.04771957
20.77421036 -1.04621396 -5.72025776 4.11435328
20.87268028 0.23559406 -5.95640297 2.67633142
20.81762505 -0.02696029 -6.02572222 3.00118628
20.85834083 -0.25626133 -6.06265717 2.98193326
20.92667007 -0.27000118 -5.93775149 3.77967010
21.06357231 -0.63216264 -5.97570667 3.53569779
20.98439789 -1.01484775 -5.95422706 3.89824519
