16.73078804 0.22632593 -3.51627994 4.49259281
16.72926979 0.39946238 -3.67587333 4.04674530
16.77360649 -0.29534645 -3.49429713 5.06737995
16.88748589 0.23402315 -3.48993216 4.27861519
16.96302376 -0.00197421 -3.40764546 4.02387457
16.94653701 -0.20210561 -3.52753449 3.31787161
16.88839645 -0.29852191 -3.50359907 4.35997629
16.86349487 -0.66711844 -3.59258909 4.96273432
16.91357994 -1.04839501 -3.56196885 4.59840641
16.57888222 0.22044118 -3.52237449 2.95248408
16.53838997 -0.03726194 -3.56821938 3.19181505
16.56687965 -0.19364117 -3.74244018 4.05141258
16.64967575 -0.29741245 -3.49018302 4.17558231
16.64740257 -0.67673193 -3.48457269 3.85173044
16.64169579 -1.05357301 -3.39810052 4.41924515
