9.78934841 0.19533107 -6.15752201 3.67605434
9.65020485 0.39867071 -6.28513899 3.69405999
9.76634045 -0.32107066 -6.11479330 4.23303337
9.85648231 0.18405640 -6.30850468 3.22486200
9.90944691 -0.08482724 -6.33456230 3.15692243
9.90587464 -0.33018905 -6.37260466 2.41087194
9.81417008 -0.32952562 -6.21021233 3.50731644
9.83881969 -0.71422941 -6.20759735 3.80766940
9.87285804 -1.07968497 -6.18984327 3.15994826
9.72761001 0.20971818 -6.00904026 2.65851360
9.71366139 -0.03285150 -5.89320793 2.76244412
9.66353455 -0.26697927 -5.85299187 2.20040717
9.71738091 -0.31934559 -6.01747150 3.58279710
9.59334832 -0.68489695 -6.01398306 3.21494770
9.57712021 -1.06606681 -5.99215250 3.65015536
