22.96127968 0.23147086 -4.14839497 3.81762219
23.06907234 0.45954125 -4.23683071 3.84022413
22.97574463 -0.30390754 -4.20729075 4.51995048
23.03734703 0.23390152 -4.01428824 3.63310699
23.06663742 -0.04350885 -3.97942782 3.49449406
23.09934769 -0.27919342 -3.99775877 2.71626868
23.00097275 -0.31314654 -4.10407724 3.83336196
23.06320915 -0.68449670 -4.10690880 4.04123755
22.99189301 -1.07062445 -4.05235262 4.03082571
22.88802986 0.22664708 -4.28638181 2.66498561
22.83236885 -0.04177302 -4.35369749 2.90582786
22.89659081 -0.26612219 -4.43136587 2.74449344
22.93941956 -0.30162460 -4.31114178 3.78524399
22.92380257 -0.69165714 -4.32410059 3.41712108
22.83824463 -1.06892407 -4.37189655 3.74121542
