8.73968563 0.22320693 -6.08708162 4.61172104
8.68454857 0.44620609 -6.22012644 4.21179962
8.65916367 -0.31850523 -6.06918583 4.92940245
8.85120506 0.20850124 -6.20344734 3.96235785
8.86846371 -0.06937057 -6.24919977 3.70122175
8.79862995 -0.28867252 -6.32308502 3.28045998
8.72404328 -0.32394012 -6.16113796 4.08102188
8.70550785 -0.70261690 -6.19184150 4.40168762
8.77995186 -1.08709746 -6.16525450 4.28934603
8.63425388 0.23002765 -5.96736193 3.04169741
8.56424179 -0.04025962 -5.89861765 3.08543439
8.41648808 -0.22778241 -5.97430505 3.13305535
8.59642334 -0.31631473 -5.97579126 3.80519677
8.50480823 -0.68403756 -5.98510418 3.90431228
8.60794983 -1.03673594 -5.87640257 4.31586256
