13.85043774 0.21539226 -3.77799554 4.16335849
13.66228256 0.42468294 -3.78127971 4.45913534
13.85524788 -0.29719084 -3.80617371 4.98214417
13.85159721 0.22792139 -3.94103995 3.88945641
13.89467926 -0.02157143 -4.02218370 3.58714113
13.87095051 -0.24887902 -4.05867148 3.18667564
13.85645447 -0.29329342 -3.90976253 3.98202414
13.76120739 -0.65496335 -3.96746454 4.38846989
13.81763192 -1.04679222 -3.94688339 4.33765917
13.85826741 0.20731294 -3.61406283 3.12108192
13.89256744 -0.04238365 -3.54117241 3.23717308
13.78752899 -0.26348494 -3.55076628 3.35628767
13.85767975 -0.30628906 -3.70349750 4.01206608
13.86374569 -0.69469619 -3.68978996 4.06311889
13.97206917 -1.07546005 -3.68770308 4.60804567
