14.20611668 0.21287595 -6.95256424 4.04858494
14.09018135 0.42647430 -7.03216076 4.12166023
14.16763687 -0.29367000 -6.92735720 4.61335421
14.24656677 0.20808215 -7.10457659 3.65139627
14.21161556 -0.04633227 -7.19566250 3.45847321
14.10865307 -0.26757291 -7.22675323 2.60436678
14.18934631 -0.29917949 -7.03078794 3.75412822
14.20622349 -0.67996734 -7.02577353 4.13612175
14.26638222 -1.04024792 -6.97325468 3.93813419
14.17282867 0.22024187 -6.79741573 2.78467393
14.19333172 -0.03039704 -6.70167685 3.03643823
14.14925480 -0.27220795 -6.65976715 2.88053942
14.14709282 -0.29473236 -6.82151222 3.73199844
14.01618958 -0.64959919 -6.82659292 3.70828462
14.21982288 -0.98498452 -6.84466600 4.28304386
