22.40185814 0.16527429 -4.51480293 4.00851583
22.56012382 0.35391012 -4.55532617 4.16434794
22.41665649 -0.33707167 -4.51958046 4.98245849
22.41664238 0.16988229 -4.35806026 3.86960354
22.35493050 -0.08390809 -4.29166345 3.62950096
22.35997810 -0.30682815 -4.26012754 4.08842993
22.43941383 -0.34524985 -4.41198273 4.06075087
22.63830910 -0.69417274 -4.48297663 4.59256792
22.74257622 -1.05843429 -4.48256321 4.79158745
22.38298264 0.16076789 -4.67566948 3.10248375
22.39956513 -0.07190454 -4.79771214 3.24716129
22.54812393 -0.24230545 -4.86331835 3.50907064
22.38276482 -0.33264741 -4.62327337 3.93096776
22.28711929 -0.70608587 -4.63714351 4.05266180
22.08711776 -1.00924416 -4.55377102 4.60866852
