23.37411690 0.22286029 -5.04237175 3.65946484
23.49456024 0.42945975 -5.11515474 3.81170535
23.42104340 -0.30921018 -5.05459881 4.50727177
23.43499374 0.23619530 -4.88818789 3.59276223
23.41913414 -0.02500236 -4.80098963 3.39905787
23.47444534 -0.25194529 -4.76351595 2.38296127
23.44445992 -0.31086308 -4.94641638 3.68777609
23.57911301 -0.67432845 -4.93151569 3.80897903
23.61172867 -1.05707908 -4.87454987 3.65200734
23.32390976 0.21419643 -5.20057011 2.58542418
23.30048752 -0.04731145 -5.27601385 2.86428928
23.44368744 -0.22710840 -5.35428286 2.70195127
23.38733292 -0.30511558 -5.15898514 3.89402223
23.36929703 -0.68920612 -5.20155764 3.47064972
23.28104591 -1.05782723 -5.19250393 3.52852917
