21.31589202 0.22439514 -4.98626442 4.17796536
21.49771194 0.42610741 -5.08562155 4.30106287
21.30237312 -0.28843057 -4.94604731 4.91485853
21.32758980 0.25049450 -4.83202200 4.01080293
21.29218063 0.00444031 -4.72933159 3.69583502
21.31418800 -0.22172593 -4.70121908 3.61552448
21.28050041 -0.28611732 -4.83379965 3.93642497
21.31509438 -0.64800960 -4.80511799 4.67399807
21.05285645 -0.90934930 -4.90777111 4.74676028
21.31436386 0.19824070 -5.14160033 3.06072144
21.30983162 -0.06661755 -5.20065984 3.02890935
21.32477760 -0.30271183 -5.20743132 3.52128591
21.31258774 -0.29384206 -5.05739517 3.92451629
21.38325157 -0.65907646 -5.04152165 3.93202557
21.35346946 -1.04943641 -5.02869129 4.41256962
