22.01786079 0.26434491 -4.74659881 4.71347332
22.07850571 0.40064117 -4.94659424 4.18823719
21.95575065 -0.28156239 -4.73668680 4.86746483
22.17196159 0.26296954 -4.70347690 4.35439549
22.21366234 0.00336052 -4.74395638 4.63660956
22.18664933 0.11916128 -4.93409900 4.42406740
22.06966629 -0.28884888 -4.73149815 4.14310274
22.01875076 -0.66807292 -4.80095606 4.38008776
22.02781181 -1.04174971 -4.75074320 4.42357102
21.86817093 0.26502348 -4.78126078 2.99476533
21.84461746 0.01893929 -4.89422836 3.26902542
21.95261917 0.10777612 -5.07149658 3.97815533
21.84337311 -0.27555558 -4.73572216 4.07580089
21.80996475 -0.67094476 -4.76673641 3.93824668
21.79078827 -1.01490891 -4.61682596 4.16899166
