23.93101387 0.27504433 -5.24316197 4.58693705
23.96723099 0.47394371 -5.43767624 4.32045984
23.96399192 -0.25482769 -5.21984510 4.89789571
24.04591064 0.30557610 -5.13648634 4.23089456
24.04836159 0.08045348 -4.98794374 3.64272089
24.08743438 -0.15921709 -5.00653772 3.18026285
24.03091240 -0.25202534 -5.12909918 4.11388946
24.13189850 -0.62374915 -5.16386261 4.62109079
23.96413307 -0.90628030 -4.95988607 4.32611561
23.83535080 0.25112423 -5.35958090 2.88886299
23.77528763 -0.01395756 -5.38824386 3.10034790
23.80898170 -0.25254334 -5.44742117 3.51350064
23.89048691 -0.26088423 -5.30916529 3.97202807
23.92263718 -0.64693663 -5.33751831 3.65074110
23.92488136 -1.04088363 -5.27839136 4.21971932
