21.42110253 0.23603183 -2.24448299 4.26998587
21.35694847 0.42960738 -2.38517179 3.83098745
21.40625839 -0.28635420 -2.21122479 4.78742657
21.50487061 0.23506528 -2.38708372 3.87816887
21.50255546 -0.04072368 -2.43528285 3.43564215
21.37599754 -0.24649503 -2.47109275 2.88096037
21.47176170 -0.28918819 -2.29688220 3.84404564
21.47745743 -0.67843899 -2.23200717 4.30715313
21.53481827 -1.07145727 -2.16418839 3.99176330
21.33195649 0.23496352 -2.10359292 3.02590112
21.25650902 -0.01759102 -1.98471756 3.25481167
21.14939117 -0.25210313 -1.94340055 3.61150999
21.33181305 -0.28312341 -2.13129139 3.80235110
21.21725311 -0.66020046 -2.13327079 3.83107262
21.30110283 -1.04699765 -2.08867555 4.03512554
