22.52161865 0.17885635 -4.53449927 4.01193180
22.68225098 0.36979601 -4.58034134 4.04216385
22.54015160 -0.32651246 -4.57641773 5.03309450
22.55088081 0.17577290 -4.38221483 3.89105720
22.48826409 -0.07794591 -4.31596317 3.68852968
22.51955796 -0.30742604 -4.29858141 3.73578329
22.56662025 -0.33838137 -4.46831293 4.06492166
22.72840461 -0.69448835 -4.51477060 4.56835146
22.74373818 -1.06666915 -4.49077463 5.29276705
22.48827515 0.18526632 -4.69052639 3.11025991
22.46231537 -0.04523554 -4.80894165 3.18958244
22.58942261 -0.23824102 -4.87350597 3.45544414
22.50335769 -0.31716812 -4.68036194 3.98351469
22.41902008 -0.68330894 -4.71293821 3.96977353
22.21529617 -0.98053474 -4.61323500 4.66474714
