22.99939689 0.23954439 -4.13413543 3.72187557
23.11446533 0.45699981 -4.21253853 3.98975396
23.01079941 -0.29556669 -4.19436417 4.46747951
23.05999336 0.23039151 -3.99142080 3.48789549
23.04863167 -0.04402830 -3.94979406 3.36466021
23.09145622 -0.28011846 -3.97718663 2.90465222
23.01936531 -0.30216961 -4.08742618 3.80884977
23.06389389 -0.68231681 -4.10143404 3.88056736
22.99005547 -1.07065487 -4.05081453 4.03842936
22.93168525 0.24528945 -4.27370501 2.64887672
22.88237152 -0.01588604 -4.35717507 2.89617277
22.90873985 -0.24622290 -4.43119259 2.82837157
22.97802429 -0.29221772 -4.30087519 3.80621372
22.93606568 -0.68600110 -4.32263613 3.33037200
22.84456215 -1.06848550 -4.37001381 3.67169723
