23.06292954 0.25515855 -4.18102655 4.30019856
23.15153809 0.47836034 -4.29994230 4.57644834
23.06192512 -0.29415111 -4.19166632 4.85450821
23.16960716 0.26318503 -4.05682611 3.95608988
23.21692505 -0.01486904 -4.00944739 3.83133254
23.25783653 -0.24681238 -4.04615498 3.76364775
23.10564003 -0.30048605 -4.08611154 3.89322901
23.14124984 -0.67621279 -4.07130738 4.25786343
23.07030182 -1.06674664 -4.04721393 4.40976085
22.95415344 0.23787288 -4.30549145 2.91392536
22.89969330 -0.03816750 -4.34501610 3.17252998
22.91825790 -0.27123132 -4.42289658 3.45912356
23.00769806 -0.29499345 -4.29258404 3.98902154
23.03591232 -0.67290261 -4.35110970 3.61771731
22.93419037 -1.05255931 -4.35708323 4.23512115
