14.46496773 0.17220980 -3.95765209 3.84535885
14.32526207 0.38971505 -3.99234867 3.97231960
14.46285439 -0.33984891 -3.96879244 4.59503269
14.44415665 0.18636194 -4.12015820 3.67594051
14.45064354 -0.06255456 -4.19422293 3.48915911
14.25042057 -0.20815013 -4.15843868 2.84753799
14.48038864 -0.34112963 -4.07464552 3.68520117
14.57907391 -0.71061683 -4.10613966 4.06358814
14.73320007 -1.06709170 -4.14339352 4.47444296
14.47885895 0.15741320 -3.79203868 2.87804675
14.54757595 -0.09027901 -3.70495677 3.15932322
14.54375648 -0.31418109 -3.62198186 3.53320575
14.45138359 -0.33953768 -3.86299872 3.77927113
14.24814606 -0.67056376 -3.80786800 3.48155999
14.18843746 -1.04669642 -3.73242497 4.00284147
