18.40942574 0.24472299 -6.51544571 3.90479374
18.55402184 0.42517954 -6.59510565 3.95647597
18.41943550 -0.26125744 -6.54352999 4.69693947
18.41255569 0.24926288 -6.35368204 3.82136703
18.39388084 -0.00488392 -6.27356672 3.46230078
18.48029900 -0.22473316 -6.22749662 2.63827991
18.39524651 -0.26723045 -6.43761683 3.72848725
18.41915703 -0.64772266 -6.43835306 4.10041761
18.34140587 -1.02608955 -6.44525242 4.05921936
18.41699600 0.24199155 -6.67910624 2.87060642
18.36333275 -0.00974601 -6.76449919 3.00841284
18.43501663 -0.23259547 -6.80027962 3.05123115
18.43251991 -0.25664911 -6.65181208 3.81528711
18.57885170 -0.61950415 -6.64977026 3.79798484
18.35497284 -0.96304536 -6.72777843 4.06799698
