13.69542351 0.21493550 -5.54621945 3.87698899
13.51976375 0.41158832 -5.61304979 3.97515526
13.68757286 -0.29612338 -5.49879560 4.58115139
13.68472138 0.20490680 -5.70440807 3.56865187
13.64247952 -0.05260234 -5.73044233 3.46872940
13.52885933 -0.25068343 -5.65922890 2.86020660
13.70143833 -0.30610364 -5.60631027 3.58498287
13.71670227 -0.69324437 -5.62508355 3.96747112
13.84527607 -1.05404592 -5.63308831 3.80297079
13.70333252 0.22025214 -5.38563213 2.79104037
13.77366199 -0.01005274 -5.29015178 3.04129472
13.76331501 -0.24255133 -5.23879442 3.17443833
13.67661648 -0.29641489 -5.39078560 3.74108420
13.54276085 -0.67157377 -5.36804266 3.43339329
13.49639969 -1.05653908 -5.33650045 3.86662226
