11.43770523 0.17926207 -6.90804424 3.79446287
11.31467857 0.39900564 -6.97659454 3.81461258
11.42587147 -0.32611894 -6.93586044 4.52384014
11.48459053 0.19211494 -7.06431179 3.39760342
11.49827938 -0.06807974 -7.12884207 3.30030527
11.46041508 -0.30270588 -7.17394838 2.16019061
11.46745300 -0.32624059 -7.03213644 3.73609219
11.58949013 -0.69947468 -7.08194571 4.05746584
11.79735946 -1.02939246 -7.07529278 3.77529859
11.38774719 0.16978603 -6.75220051 2.65618048
11.42471485 -0.08782770 -6.68436117 2.90472260
11.36196251 -0.32440119 -6.68021040 2.58688669
11.38841228 -0.33105528 -6.83389015 3.69481940
11.24676476 -0.69055604 -6.82088346 3.46974692
11.21831169 -1.06802630 -6.79394026 3.75242185
