11.26554356 0.22517140 -3.42316623 5.18165369
11.13502159 0.42616657 -3.50460701 4.53321170
11.27100735 -0.30628534 -3.41881342 5.32409544
11.38617077 0.22580583 -3.51347899 4.56975965
11.46011887 -0.03307708 -3.49930549 4.14887037
11.44180107 -0.27390285 -3.54314909 3.82080684
11.33422394 -0.31183724 -3.51136403 4.56978225
11.24503193 -0.67281678 -3.56637406 5.15440578
11.29828224 -1.03883973 -3.57014761 4.59352188
11.13653069 0.22515026 -3.34497757 3.60429053
11.06544476 -0.04987058 -3.31842337 3.18284359
11.03599434 -0.25832695 -3.41428823 3.71616468
11.22678280 -0.31240106 -3.32680526 4.11039085
11.16793747 -0.69273652 -3.29198528 4.58547612
11.22226066 -1.07527285 -3.22645283 4.82936621
