16.04024124 0.20232361 -4.02479782 4.37277031
16.04593315 0.40459509 -4.16927376 4.19864969
16.03094368 -0.31792865 -4.05200300 5.07869254
16.17752724 0.20400039 -3.93954725 4.10377846
16.20150566 -0.06742106 -3.90023813 3.94346151
16.21795234 -0.30249874 -3.93717961 3.65618110
16.10942917 -0.32195970 -3.98227377 4.08641205
16.12534371 -0.68837859 -3.99802017 4.40844173
16.14058990 -1.06725030 -3.93728009 4.75741129
15.90846234 0.20142105 -4.11834068 3.04660473
15.83891888 -0.07185030 -4.14855652 3.32635832
15.80189533 -0.29969791 -4.22943869 3.60497356
15.93318253 -0.32257535 -4.11440048 4.12602005
15.83083687 -0.68191168 -4.14193430 4.13043213
15.76153507 -1.05773615 -4.04734965 4.55157166
