17.37722741 0.22248724 -3.89940285 4.21527071
17.45716553 0.42136111 -4.04380760 4.08288622
17.38948746 -0.29391340 -3.90056538 4.91389818
17.45650482 0.24161295 -3.75776010 4.18431216
17.43743477 -0.01161017 -3.67714415 3.81387748
17.48742142 -0.23246667 -3.67267990 3.43054199
17.42107429 -0.29711002 -3.79976821 3.91017652
17.52918854 -0.66044625 -3.81655254 4.44342327
17.44455910 -1.03391442 -3.78036671 4.65754394
17.31278534 0.21505401 -4.04526396 3.05687885
17.28439484 -0.04576525 -4.09964685 3.16320772
17.40219918 -0.24404856 -4.14545297 3.74544968
17.33875313 -0.29790759 -3.99795294 3.92041035
17.31980362 -0.68473901 -3.97270756 3.66835642
17.23658485 -1.06009102 -3.90949511 4.39864340
