23.90553589 0.23395714 -3.66673846 4.00097799
24.06241684 0.39627324 -3.79766941 3.64345350
23.85405769 -0.27908101 -3.62190762 4.45444308
23.91384048 0.25598509 -3.51292915 3.73016348
23.85203781 0.02217001 -3.41086159 3.35175333
23.93583603 -0.19175292 -3.36186781 2.35582962
23.82754440 -0.27623304 -3.51303716 3.38557915
23.82070542 -0.65057388 -3.43148828 3.84979496
23.66653366 -1.02199640 -3.46477756 3.83887081
23.89299660 0.21357082 -3.82360530 2.63598557
23.87001075 -0.04766831 -3.87412911 2.87180333
24.01558685 -0.23229522 -3.84246077 3.11047578
23.86161003 -0.28313286 -3.73347387 3.75692606
23.93754387 -0.66798533 -3.74640536 3.39428506
23.90947723 -1.07282180 -3.75594273 3.65610304
