8.50166702 0.22155490 -5.84535313 4.48565712
8.40891247 0.44172624 -5.98868494 4.17139034
8.53668709 -0.32448789 -5.84402599 4.93227196
8.65022717 0.22655422 -5.92505588 4.23837262
8.70765591 -0.05322691 -5.97081165 3.87003336
8.68964290 -0.29343103 -6.04273777 3.76858836
8.65210171 -0.32458720 -5.88404827 4.25503092
8.73141022 -0.68523670 -5.92674475 4.86060581
8.86241455 -1.01958566 -5.81098118 4.39544754
8.35335197 0.20819383 -5.77806759 2.91639047
8.30018234 -0.07032308 -5.72687168 2.96030001
8.23831100 -0.30906940 -5.76641741 2.91649866
8.42769452 -0.32503510 -5.79528103 4.03660555
8.42772064 -0.69537245 -5.83587608 3.59698009
8.46610833 -1.08156042 -5.78731327 4.32726183
