22.62107976 0.11574320 -3.95225120 4.53301875
22.69706345 0.24727796 -4.04750101 3.80525581
22.50642713 -0.31720181 -3.99868870 4.98403263
22.69621404 0.08708633 -3.87762110 4.04746357
22.66153717 -0.16138870 -3.86556252 3.78298585
22.68029277 -0.18616397 -4.09957695 3.87569093
22.57220523 -0.32232343 -3.95655537 4.38832506
22.73814646 -0.52800570 -4.25302903 4.54170672
22.67183367 -0.88768758 -4.26762470 3.93301503
22.53264173 0.15506263 -4.01897939 3.05929438
22.41370265 -0.02431917 -4.06026292 3.09181079
22.54339473 -0.15375960 -4.09169587 3.27421872
22.44094722 -0.31203631 -4.03658462 4.07049083
22.33601061 -0.71471111 -4.08320157 3.98242156
22.23779997 -1.06622442 -4.01768668 4.04383230
