15.14733124 0.20978150 -4.39958000 4.47233963
15.14154053 0.39013255 -4.58804607 4.03798056
15.10534286 -0.31654778 -4.36855841 5.31187248
15.26710892 0.20089552 -4.50232363 4.13102436
15.33949089 -0.06500968 -4.52219296 3.82607651
15.37628651 -0.29750824 -4.59168243 3.47347641
15.18099213 -0.32731238 -4.45502663 4.26210165
15.15343285 -0.69565850 -4.47258568 4.61479855
15.23811913 -1.06657410 -4.43992424 4.73726130
15.03394699 0.21695913 -4.29300499 2.96161604
14.99496460 -0.02958267 -4.17683887 3.19917989
14.91526413 -0.26627263 -4.17982721 3.43106794
15.02577782 -0.31737795 -4.28610897 4.09298468
14.99492168 -0.68053019 -4.30815172 4.26948738
15.22853565 -0.92981118 -4.17955542 4.33550310
