15.32828026 0.19806860 -3.25285206 5.13601370
14.98339768 0.30559662 -3.18547645 4.45290547
15.41622734 -0.30956352 -3.27669091 5.47991876
15.33428974 0.22197047 -3.40024357 4.89785709
15.28310185 0.01953281 -3.53047834 4.43866415
15.16620159 -0.16448069 -3.56958661 4.40807342
15.42462559 -0.30070844 -3.38301339 4.57349415
15.28729400 -0.65522926 -3.40142789 5.32220125
15.54039268 -0.93570669 -3.34378881 5.14840908
15.35266686 0.18118867 -3.10806865 3.75113945
15.39058857 -0.06507887 -3.03359818 3.51472721
15.37066650 -0.30897854 -3.02307959 4.29603100
15.41464081 -0.32393360 -3.17254267 4.10073585
15.30606232 -0.69190432 -3.20293732 4.94570608
15.32570667 -1.04564600 -3.22125655 5.41294804
