22.91745401 0.16124589 -3.65168357 4.78503465
22.96940969 0.25507259 -3.78233811 3.85131419
22.83467838 -0.27811590 -3.67157706 5.11855901
23.01483242 0.13852682 -3.61378546 4.23409060
23.01432116 -0.10659073 -3.60844868 4.02258899
22.99683136 -0.13167153 -3.84816476 4.02949556
22.91151186 -0.27730664 -3.66239605 4.52527111
23.01925324 -0.48855662 -3.96146809 4.61708087
23.02246368 -0.84885586 -3.98495089 4.04753867
22.81230098 0.19162333 -3.67792317 3.19784629
22.71975310 -0.00111735 -3.66826833 3.18571432
22.79069517 -0.15958104 -3.72780674 3.42386815
22.76452791 -0.27876411 -3.67830633 4.17599778
22.68562533 -0.69538115 -3.72466190 4.06689108
22.65201936 -1.06778056 -3.67838662 4.14840255
