19.59390907 0.23728296 -5.73312645 3.88910942
19.67926369 0.41201780 -5.90051155 3.80580272
19.60446854 -0.27141177 -5.77525196 4.62456341
19.68449363 0.24159182 -5.59869480 3.80786496
19.72326546 -0.01660853 -5.52054901 3.70811005
19.81226158 -0.24142971 -5.50085611 2.81321068
19.62557449 -0.27859476 -5.66950961 3.69207063
19.66593132 -0.66031497 -5.68679504 4.29765711
19.56934319 -1.04870362 -5.67058592 4.35165215
19.51093979 0.23417529 -5.87542353 2.70242257
19.46755562 -0.02694566 -5.93357878 3.11220217
19.55060310 -0.23452592 -6.01621714 3.07141528
19.57520294 -0.26193390 -5.87870121 3.69287238
19.66313133 -0.62193581 -5.94814386 3.89017954
19.45708046 -0.95945768 -5.93414288 4.14490452
