11.32599755 0.21216155 -5.50125084 4.59150353
11.17077655 0.34740372 -5.43845988 3.73099828
11.32904816 -0.29613541 -5.56176462 5.22848434
11.34487247 0.23905037 -5.65109778 4.35040427
11.36857930 0.02986704 -5.79055643 3.75702195
11.30675449 -0.19362819 -5.80364094 3.55340795
11.34296169 -0.28881198 -5.66716852 4.22536878
11.36637649 -0.67803174 -5.68287897 4.53878956
11.51768799 -1.01575122 -5.68334866 4.55332784
11.30739575 0.18693831 -5.35102329 3.22966104
11.22449932 0.01100644 -5.22535152 3.45727711
11.12646102 0.15087777 -5.25192318 4.37289639
11.30560189 -0.30804421 -5.46007681 4.13011160
11.23168069 -0.68279575 -5.47069264 4.14418878
11.25966187 -1.04953642 -5.45356369 4.62573404
