5.83104753 0.20666063 -4.53068638 3.79252815
6.05378199 0.30729824 -4.49377871 3.51157022
5.70641994 -0.31956831 -4.51216173 4.53765440
5.84356499 0.20599878 -4.37527370 3.83950543
5.88901520 0.00091842 -4.23404837 3.53176713
5.97658539 0.20594271 -4.38383055 3.35734081
5.76118422 -0.31579208 -4.41774511 3.70583248
5.97264528 -0.68266040 -4.47027493 3.66227841
5.97518253 -1.07745206 -4.44047785 2.91389227
5.80573893 0.19925503 -4.68773174 2.57429075
5.78050423 -0.04172098 -4.79921818 2.67069530
5.97652912 -0.07052126 -4.73747396 2.56332040
5.63905287 -0.32362399 -4.59706116 3.76810956
5.49343395 -0.71694148 -4.50370073 3.14163208
5.37694645 -1.09682751 -4.38189077 3.41859436
