5.30065966 0.19785292 -11.10207844 3.59682560
5.28569698 0.40670648 -10.93429661 4.03477430
5.32539368 -0.32694396 -11.17285061 4.55182981
5.13889742 0.18916512 -11.06439114 3.42111301
5.01774263 -0.07042808 -11.02453041 3.22323751
5.02221203 -0.26765436 -10.88093376 2.45792961
5.21495581 -0.33303788 -11.17645359 3.54244947
5.18481064 -0.71525294 -11.28399754 3.66850758
5.14656878 -1.08964467 -11.44184303 3.42964458
5.47019196 0.20432706 -11.14387703 2.61611152
5.57878399 -0.04405925 -11.24514198 2.67831182
5.68954659 -0.26009858 -11.18647194 2.55309486
5.43810463 -0.33131886 -11.18214607 3.69920468
5.45339918 -0.69270235 -11.03980541 3.52797794
5.42294073 -1.09063780 -11.01912498 3.75189495
