29.59223970 0.39098230 -7.84438578 4.72729492
29.60977967 0.61831784 -7.93183263 3.51715271
29.64067523 -0.14772086 -7.79964717 5.09355728
29.47616895 0.37863030 -7.82313514 4.25805966
29.48601087 0.50064307 -7.63286273 5.20050080
29.56944243 0.61075131 -7.63256486 4.82863816
29.54996331 -0.15330035 -7.82628306 4.13897363
29.50860500 -0.55033114 -7.81462749 4.70261455
29.58570290 -0.94020186 -7.87274679 4.17713380
29.71562640 0.40605242 -7.85844271 3.22450447
29.82656956 0.57562605 -7.80459818 4.08383926
29.81487624 0.53119004 -7.72668512 5.22657386
29.73643811 -0.14828719 -7.78612192 4.00608937
29.73938624 -0.57004971 -7.77824838 3.82513340
29.79159578 -0.95098761 -7.89416544 4.28912409
