26.78343010 0.27214804 -9.49166965 4.64109993
27.00064659 0.45829609 -9.49740410 5.10744667
26.76189804 -0.23697174 -9.49182606 5.47161579
26.79383087 0.28505999 -9.34026623 4.57064533
26.72341347 0.04037791 -9.25951767 3.96994233
26.83728600 -0.15166080 -9.27166843 3.98959160
26.73652649 -0.24797787 -9.38367653 4.37266827
26.80749702 -0.62318403 -9.36048031 5.12422848
26.72513008 -0.96759766 -9.35250187 5.49581528
26.77753258 0.27116305 -9.64662457 3.35357904
26.76738358 0.03617045 -9.75444508 3.55302811
26.83207321 -0.18255953 -9.77918816 4.61114883
26.77968979 -0.23943807 -9.59770966 4.25902462
26.90199471 -0.59636366 -9.54959488 4.87450552
26.75046539 -0.90216088 -9.65782738 4.80188799
