23.32859230 0.22651729 -14.30465508 5.11616516
23.24216270 0.37743837 -14.43617249 3.96713305
23.34874725 -0.28924516 -14.28179741 5.11222076
23.49117470 0.22567627 -14.33006859 4.69350624
23.53331947 -0.03187758 -14.28730583 4.59393215
23.48346329 -0.20545794 -14.44128704 3.27376723
23.46379471 -0.28623039 -14.31422901 4.26926231
23.38297081 -0.68087947 -14.33322906 5.14418221
23.36247253 -0.92592430 -14.04677963 4.35038090
23.18682289 0.22009002 -14.24186897 3.01762438
23.16219330 -0.02592086 -14.13649559 3.43356109
23.06547356 -0.25661564 -14.09382534 3.55381107
23.22424698 -0.29779914 -14.26123810 4.17542458
23.18998337 -0.67413116 -14.34704494 3.81634307
23.16458702 -1.07786679 -14.34190083 4.55684996
