18.07415009 0.27557296 -8.14111423 4.19053841
18.05792046 0.45676318 -7.96562862 4.08497190
18.07937431 -0.23274267 -8.26296616 4.96835041
17.93003654 0.28919473 -8.20888805 3.93916297
17.81900406 0.08512351 -8.30900192 3.87994099
17.82579231 0.11107335 -8.06859016 3.93927598
17.97384071 -0.23484103 -8.28748703 3.93308806
17.92081070 -0.63431191 -8.23221684 4.37000990
17.94346237 -1.02548099 -8.26035881 4.23514366
18.22505760 0.25953162 -8.07770061 2.95379329
18.24603271 -0.00088344 -8.03959942 3.37602472
18.05854416 0.08106138 -7.90721416 3.95114374
18.18848419 -0.23379174 -8.24235535 4.00756931
18.26998711 -0.62653786 -8.31198502 3.94419241
18.36519051 -0.99240851 -8.43354130 4.36717510
