23.06647301 0.23463844 -7.92755175 3.82797718
23.22525024 0.43110260 -7.95056581 4.20347309
23.06385612 -0.27243933 -7.94642019 4.86524105
23.07666588 0.23347132 -7.77092171 3.85455704
22.99903870 -0.00779374 -7.68987179 3.55565262
23.21372223 -0.10889185 -7.68311691 3.07240915
23.01586723 -0.27488643 -7.83818483 3.94470024
22.93995476 -0.67804265 -7.89790344 4.37981415
22.67873955 -0.97754663 -7.97569561 4.74940872
23.05126762 0.22868589 -8.08662033 2.95099115
22.94372559 0.00587842 -8.18945599 3.04772925
22.87084007 -0.20808564 -8.27060413 3.39049459
23.09686852 -0.27677029 -8.05454350 3.87122726
23.24409294 -0.66217732 -8.01562119 3.93841982
23.28545570 -1.05349183 -7.99056196 4.31565237
