18.72802544 0.29266968 -8.93957615 4.48133183
18.63980865 0.49608991 -8.97444153 4.71679878
18.69406891 -0.20325404 -8.94231796 5.05111980
18.72111893 0.29935208 -9.08581829 4.46732044
18.77305603 0.09423377 -9.16776466 4.47577715
18.60889053 -0.01878717 -9.10399723 4.15698528
18.65632439 -0.20748346 -9.04019165 4.04717445
18.51955414 -0.59984648 -9.01350689 4.67843008
18.52188873 -0.98100364 -8.95286083 5.18483734
18.74705887 0.29829475 -8.79571152 3.35180449
18.79629326 0.08366425 -8.71156597 3.12440681
18.57685852 0.03081456 -8.80434895 3.67175889
18.72555161 -0.20696536 -8.84603214 4.00152683
18.77665520 -0.61798882 -8.84377575 4.43172121
19.01033211 -0.91968966 -8.88995361 4.75748968
