20.49527359 0.12259007 -6.28234911 4.21518803
20.51965904 0.32570234 -6.41220474 3.75546455
20.60979652 -0.34125051 -6.32343435 4.78380585
20.64238548 0.15118860 -6.22800255 3.79987454
20.74925423 -0.09577277 -6.21710205 3.56267476
20.90399551 -0.28059569 -6.33566475 2.78995943
20.71412849 -0.33472154 -6.29704523 4.05704546
20.86513901 -0.64494544 -6.44881153 4.26879215
20.94635010 -1.01084375 -6.33880949 4.05782413
20.36530685 0.09241495 -6.35835409 2.90217686
20.35618782 -0.18123814 -6.35633087 3.30332470
20.35986900 -0.43866971 -6.41484261 3.66745996
20.50267982 -0.35096428 -6.34560585 4.00587177
20.61964417 -0.66708410 -6.51808071 3.85239005
20.62869263 -1.02778614 -6.33981276 4.02612019
