28.59757233 0.14763311 -8.70869350 3.83614206
28.72714996 0.39092076 -8.69933414 4.28632593
28.62120056 -0.34041688 -8.72381687 4.85691071
28.61557579 0.15613505 -8.54958057 3.63863945
28.55137825 -0.10110448 -8.48481369 3.58075428
28.61130333 -0.31568140 -8.47003460 4.59338331
28.63853455 -0.34515134 -8.61303234 3.79012561
28.80745506 -0.70256549 -8.69559288 4.25356722
28.78532982 -1.08704090 -8.71641827 3.98287678
28.58112526 0.13514711 -8.86744881 2.97976971
28.64057159 -0.13208789 -8.95444012 2.88136053
28.77269363 -0.34081298 -8.93068600 2.74216771
28.59185600 -0.33967856 -8.82804680 3.94003034
28.60540009 -0.74297667 -8.85668755 3.80341816
28.31641197 -0.95149237 -8.72749329 3.85372806
