21.59842110 0.18186030 -10.25957394 4.09691525
21.35978127 0.30653706 -10.32022667 3.95021248
21.61860085 -0.31413454 -10.26116657 4.85055494
21.59867096 0.16914994 -10.40561390 3.80272031
21.49127579 -0.06944223 -10.47188854 3.48740339
21.29924202 -0.23872049 -10.45259190 3.57090759
21.57860565 -0.32134897 -10.36210728 3.94216633
21.42791176 -0.67807853 -10.31609726 4.00578213
21.37435722 -1.06284475 -10.28078461 3.79570961
21.59734344 0.18386160 -10.11035347 2.78175831
21.53182220 -0.06040124 -10.05014896 3.04391575
21.36665916 -0.01612975 -10.21375561 4.64128971
21.64845467 -0.31157583 -10.16252232 4.03857708
21.70609856 -0.68625635 -10.16066647 3.70331430
22.00281906 -0.93573815 -10.27725029 3.75782275
