19.01734543 0.07474530 -6.93458557 4.07871962
18.82582855 0.24936318 -6.85231733 4.25629139
19.24563026 -0.30995283 -6.96180010 4.63664246
19.04114532 0.08923693 -7.07858276 3.87387037
19.22886276 -0.01233789 -7.23223114 3.73851013
19.32440186 -0.22927447 -7.28723764 2.73253226
19.21874619 -0.30895200 -7.06283712 3.52712750
19.00614357 -0.65097475 -7.01391411 3.96756029
18.95689964 -1.02656019 -7.01255131 4.48280239
18.99037552 0.06844832 -6.78902483 2.98855114
19.00359726 -0.18497716 -6.72711325 3.79385066
18.91892624 -0.40206796 -6.71165180 4.52131033
19.27301598 -0.31131557 -6.86080980 4.00849771
19.40957069 -0.68532866 -6.88749790 3.85341525
19.75579453 -0.88156348 -6.95260620 4.13756943
