26.19988251 0.22239272 -8.13242149 4.33068228
26.04891205 0.42814928 -8.08726788 4.29693079
26.27554131 -0.27296311 -8.12520123 4.83273697
26.21671867 0.22757311 -8.28460121 3.84526873
26.30824280 -0.01762284 -8.33472061 3.71530652
26.31378174 -0.25733995 -8.33389282 3.22244644
26.26224327 -0.27986193 -8.23348999 3.88847685
26.08988762 -0.65067059 -8.20370293 4.18451118
25.94998741 -1.00620747 -8.17253304 3.44593573
26.18021393 0.22464085 -7.98081207 3.12781286
26.18207550 -0.03196682 -7.92591000 3.06794119
26.04769897 -0.22448051 -8.03092766 3.25060749
26.27797699 -0.26976523 -8.01460934 3.98308277
26.28875351 -0.66332895 -8.04801750 3.26713753
26.46763992 -1.00650275 -8.08479500 4.26935053
