28.90787125 0.27957723 -7.95673037 4.70490313
29.02175331 0.50412846 -8.01647949 4.26636887
28.94722939 -0.24485281 -8.00456047 5.05756092
28.95890617 0.28033507 -7.81244755 4.20814037
29.03586006 0.00592544 -7.79365206 3.73836303
29.20723152 -0.04361712 -7.93492508 3.52556729
28.96465492 -0.24289086 -7.88866711 4.24982834
29.08405113 -0.61244786 -7.90041542 4.29848385
29.00935555 -1.02451229 -7.88815498 3.84680271
28.86577034 0.28203082 -8.10493469 3.00825095
28.85359955 0.00428037 -8.19771576 3.14620543
28.96034050 -0.20849797 -8.23905563 3.48990583
28.92037201 -0.25241238 -8.11534691 3.98361254
28.97205353 -0.62686002 -8.14855671 4.07397461
28.88242722 -1.03073668 -8.13387299 3.97541165
