28.00240898 0.16650645 -7.46702719 3.95617652
28.03199005 0.34582394 -7.29782915 3.81706762
28.08314705 -0.31556898 -7.53184748 4.59330177
27.84586716 0.14972506 -7.48283482 3.50664282
27.80026817 -0.11086380 -7.47904158 3.28656721
27.88573074 -0.10376196 -7.28586674 2.97150707
27.97262383 -0.32322523 -7.53460789 3.41803408
27.84201622 -0.67910653 -7.46875668 3.56090403
27.75873756 -1.06565344 -7.48477888 2.95422649
28.15722656 0.18465930 -7.45989037 2.78518534
28.24754906 -0.06080901 -7.46361208 2.64061284
28.16189575 -0.14270811 -7.23139143 2.18724489
28.19353676 -0.31175029 -7.52688932 3.83177280
28.33912468 -0.68871051 -7.50513124 3.19444919
28.50162125 -1.04342496 -7.59388351 3.62179232
