8.05404568 0.20229489 -3.79000425 3.60097098
8.04106903 0.39789391 -3.93117380 3.51889515
8.03590393 -0.31509617 -3.82794452 4.38316345
8.20248604 0.19746719 -3.72254014 3.43642664
8.20520306 -0.07312920 -3.79321408 3.20998383
8.14391708 -0.18992165 -3.99223804 2.53341794
8.12028313 -0.31826052 -3.75519204 3.37541056
8.10015583 -0.69975787 -3.79635954 3.96220517
7.99500942 -1.10632598 -3.71736026 3.72890854
7.90920877 0.19925869 -3.86321688 2.46761847
7.86112928 -0.06193293 -3.94787407 2.77079773
7.91923285 -0.25852653 -4.09005785 2.79467988
7.93400478 -0.30941805 -3.87634706 3.80172443
7.94392204 -0.68144250 -3.98577166 3.55143023
7.81971836 -1.03673661 -3.85180259 3.38333774
