22.97151184 0.25621194 -6.86611748 4.41813469
23.03590775 0.47232953 -6.98855639 4.38420486
22.96574020 -0.25731650 -6.89479351 4.89803123
23.10455704 0.24977989 -6.76820993 3.97083759
23.20159912 -0.02733872 -6.76640987 3.84779930
23.28573799 -0.25729343 -6.81680632 3.67601037
23.05597687 -0.26608068 -6.82397890 4.13092470
23.07526779 -0.63022965 -6.90475559 4.65484619
23.00674820 -1.02428758 -6.85028791 4.55088758
22.83756828 0.25315154 -6.96176195 2.84843159
22.75051880 -0.01847597 -7.03184748 3.17697406
22.74839211 -0.25391218 -7.12496901 3.62618113
22.87629509 -0.25325882 -6.96396875 4.06571293
22.95461655 -0.60864347 -7.09409761 3.91150236
22.78144073 -0.90630966 -6.90868044 4.15500498
