16.23725357 0.18273074 -9.83092442 3.94869556
16.17423821 0.40919837 -9.77147980 4.07339010
16.21183853 -0.30983089 -9.81253853 4.47507010
16.21014976 0.18299313 -9.98842506 3.70572129
16.24127617 -0.07331252 -10.06409225 3.51650033
16.27580834 -0.30303336 -10.12902126 2.95720001
16.17685013 -0.31169402 -9.91426315 3.58053088
16.05535049 -0.67084709 -9.85931873 4.04076195
16.02622261 -1.03705394 -9.79165210 4.07387963
16.25763016 0.18467715 -9.67409706 2.65936270
16.25090294 -0.07421316 -9.59441853 3.01489429
16.12390213 -0.28149992 -9.53260918 3.21001668
16.24914055 -0.31012096 -9.71698189 3.81648746
16.32596435 -0.68024519 -9.75643254 3.50476966
16.53627777 -0.99428386 -9.83388977 4.02139549
