16.02614708 0.19969822 -7.78968897 4.31569500
15.88787613 0.37857859 -7.76531077 4.38921051
16.06441078 -0.31280538 -7.76021176 5.49452858
16.06430054 0.19937222 -7.93193597 4.04310989
16.10369644 -0.06355090 -7.96632976 3.94012900
16.10484085 -0.30902216 -7.98866892 4.09908009
16.11103935 -0.31525653 -7.84894791 4.44610214
16.07307358 -0.69142443 -7.89711886 4.64551411
16.20187912 -1.04090924 -7.84202748 4.99871788
15.97747155 0.19529916 -7.64760819 3.14218597
16.00362396 -0.06519742 -7.58260193 3.26450319
15.94381867 -0.30502795 -7.55665378 3.77572680
16.01663475 -0.31437764 -7.66972800 4.28661146
15.85784073 -0.66526059 -7.73897429 4.46247988
15.89503937 -1.04049787 -7.71307707 4.87873964
