16.26863098 0.19437242 -8.99712086 4.20718765
16.18063927 0.41006470 -8.93369865 4.19167900
16.26794243 -0.30145353 -8.99588299 4.93432617
16.17671967 0.19263078 -9.11555290 3.96359944
16.18654442 -0.06534246 -9.20869732 3.60084844
16.18915939 -0.30355966 -9.25324535 2.70827842
16.18491364 -0.31199801 -9.05830669 4.02959967
16.18125534 -0.67914134 -8.91509342 4.48974419
16.14955902 -1.03046441 -8.81090641 4.29710674
16.34553146 0.19657803 -8.86592388 2.87061405
16.38864326 -0.06646436 -8.80163860 3.10910487
16.33005905 -0.29334182 -8.74532127 2.97421813
16.35733795 -0.30433774 -8.94416332 4.02787113
16.39828491 -0.68849450 -9.05591869 3.72192717
16.42982674 -1.03192449 -9.17809010 4.14677286
