10.16002159 0.19980707 -3.00603056 3.80787831
10.32130585 0.35654548 -2.91924825 3.72133770
10.06143341 -0.29483333 -2.99440418 4.49867801
10.09534455 0.21012597 -2.87077856 3.56574531
9.98414707 -0.02824308 -2.84594292 3.23333559
9.92256775 -0.25641386 -2.83828425 2.39093499
10.04285832 -0.29908990 -2.89754391 3.73022757
10.13895817 -0.69857744 -2.98898730 4.32889853
10.12186070 -1.07378700 -3.09916358 3.81118426
10.21490841 0.18905601 -3.14664011 2.71228676
10.21215725 -0.06858225 -3.21697607 2.99285154
10.33179378 -0.24993690 -3.12687711 2.92992831
10.07022190 -0.30211822 -3.09359870 3.88424931
9.95432834 -0.69908271 -2.97881246 3.36376285
9.77691898 -1.01086216 -2.84094581 3.81768236
