22.17651863 0.21783418 -6.46148481 3.72291207
21.95253105 0.40129003 -6.45268955 3.87830782
22.19492874 -0.28246471 -6.45738230 4.35691672
22.20696602 0.21722465 -6.61557255 3.37889781
22.26187897 -0.02874426 -6.70398731 3.32243576
22.27846069 -0.26448372 -6.76198731 2.48898864
22.19056626 -0.28258399 -6.56123467 3.35664158
22.02527542 -0.62998102 -6.55212727 3.79414148
22.12550087 -0.98392305 -6.52922182 3.68911514
22.15066147 0.22277989 -6.30346966 2.61713076
22.10788117 -0.01877543 -6.19362554 3.01368842
21.92969704 -0.20608652 -6.20236244 3.11876755
22.19656143 -0.27884108 -6.35336876 3.79552145
22.21750222 -0.66141675 -6.39518633 3.40169687
22.28109436 -1.04725354 -6.47549696 3.94066091
