23.67358360 0.21635420 -7.19684172 4.08022652
23.51409340 0.41152793 -7.17785368 3.67306418
23.64563598 -0.28735738 -7.19854746 4.46077471
23.60602913 0.22620533 -7.32264747 3.62833476
23.38948822 0.04089913 -7.28872852 3.52152605
23.30961418 0.11420484 -7.06682177 3.15297732
23.63847466 -0.28293165 -7.30355196 3.60238686
23.69657669 -0.66937711 -7.28340092 3.60242214
23.83485260 -1.03730366 -7.28886290 3.13349004
23.72875900 0.20668682 -7.06865835 2.73928566
23.79415359 -0.06404960 -7.03240357 2.89234028
23.83154679 -0.31507308 -6.99930325 2.34523616
23.65414353 -0.29051289 -7.09520426 3.71914716
23.45253410 -0.63037286 -7.05533704 3.53042417
23.30631523 -0.99364473 -7.02551355 3.49739232
