21.02901535 0.22195724 -5.26615953 4.58638658
20.96949768 0.40560616 -5.41074581 3.93511505
21.03894196 -0.29116739 -5.23331623 4.98931322
21.18670693 0.23665660 -5.31605854 4.09524088
21.28245468 -0.02743793 -5.26644706 3.61743460
21.33724137 -0.27034388 -5.24581070 3.29685116
21.14219627 -0.29358883 -5.27039290 4.27991085
21.22564888 -0.66547069 -5.30553589 4.62431193
21.28136406 -1.04757803 -5.21377211 4.03898468
20.87332420 0.21186582 -5.19532890 3.06656027
20.81014518 -0.05668138 -5.14455394 3.01502180
20.77724876 -0.29627554 -5.19051905 3.39239788
20.92768059 -0.29759446 -5.20486517 3.96604319
20.94630356 -0.68059365 -5.22919350 3.93952794
20.99574051 -1.06145361 -5.13793564 4.06940722
