11.71780529 0.17848569 -4.16591720 3.62491622
11.79140148 0.36638625 -4.02095919 3.89686031
11.69120083 -0.31846782 -4.18346281 4.46782341
11.66767216 0.18049591 -4.01295633 3.56690784
11.72292538 -0.05045079 -3.92966767 3.43192978
11.90973454 -0.16614685 -4.01385336 3.24029122
11.64603348 -0.31751101 -4.08206988 3.64903507
11.53474751 -0.69293938 -4.05103426 4.03395901
11.30834579 -1.00274065 -4.03927374 3.64639644
11.76570339 0.17681593 -4.31880560 2.66984081
11.68880386 -0.04390603 -4.43011789 2.99360366
11.79691696 -0.25945225 -4.43008614 2.85772891
11.72272148 -0.31944257 -4.28879290 3.75618953
11.88780479 -0.68318245 -4.29907627 3.55217304
11.87482681 -1.06597107 -4.35569181 3.90639882
