21.27798920 0.20563599 -4.90595961 3.73302746
21.10893517 0.40655293 -4.92182627 3.90864840
21.29932289 -0.29707089 -4.88053513 4.50420532
21.26472244 0.20085197 -5.05809574 3.49891787
21.22512321 -0.05660233 -5.13066282 3.58643265
21.05616112 -0.22245980 -5.09538908 2.78027878
21.31015663 -0.29946403 -4.98686380 3.62038765
21.37679749 -0.67496650 -4.96355266 4.00230093
21.57389069 -1.01049232 -4.93558245 3.78313122
21.28579369 0.21330741 -4.75064773 2.74040098
21.37955589 -0.02626973 -4.66847505 2.95234738
21.35259361 -0.26088149 -4.63196735 3.12679896
21.29104233 -0.30060199 -4.77658615 3.74176946
21.13589516 -0.65507195 -4.80649815 3.63567419
21.23069000 -0.99691953 -4.82447948 4.03333726
