13.74310589 0.17745269 -5.70831280 3.80894699
13.65735855 0.38829646 -5.78676662 4.05940705
13.69011307 -0.31448415 -5.74515047 4.44281559
13.77604713 0.18720941 -5.85861941 3.55949359
13.72972412 -0.03695976 -5.94855414 3.52288032
13.48780136 -0.06473139 -5.92261915 3.13204055
13.71796684 -0.30952162 -5.84650726 3.49206266
13.67132969 -0.67391102 -5.89073534 4.15191422
13.91657238 -0.94290321 -5.80905848 4.00047531
13.70176697 0.16257466 -5.56107283 2.73867059
13.70605431 -0.08328329 -5.49279804 3.07617741
13.68417721 -0.32257582 -5.47784090 3.00988030
13.66108284 -0.32274972 -5.64659634 3.61060653
13.61174831 -0.68771733 -5.71513319 3.48590765
13.66515427 -1.04624355 -5.75194053 3.83383999
