26.56171036 0.16121833 -3.39487076 5.69062996
26.45374489 0.37650850 -3.49248719 3.60506439
26.57284546 -0.30854073 -3.39513063 5.43045092
26.61967850 0.17949961 -3.52394629 4.58723974
26.71584511 -0.02481140 -3.63828635 3.98785019
26.76645088 -0.22330353 -3.70183206 3.35211754
26.59251022 -0.30602491 -3.49492025 4.70104504
26.47651863 -0.68615609 -3.49339223 5.22846651
26.65055466 -1.02931023 -3.35328174 5.44711494
26.50814438 0.14835967 -3.25790334 4.59099102
26.40396118 -0.07418587 -3.13824034 3.76940513
26.32577324 -0.28229538 -3.12043071 3.64414072
26.55163956 -0.32115123 -3.28942752 4.25744772
26.55653191 -0.69365686 -3.32564926 4.65164709
26.73705292 -1.02161372 -3.29505777 4.74458027
