12.88836537 0.16298894 -6.13054714 3.83535972
12.76613121 0.36785798 -6.19257688 3.88036275
12.85671024 -0.33223107 -6.14156761 4.48766213
12.96169548 0.16286227 -6.27337627 3.49431486
13.05408802 -0.08109535 -6.30481053 3.48524017
13.11554451 -0.31427041 -6.34682684 2.77025919
12.88091316 -0.33573541 -6.24502564 3.53980951
12.75557995 -0.69660552 -6.28295250 3.93719364
12.66892853 -1.06844618 -6.30620747 3.75890856
12.81296082 0.16354694 -5.98651066 2.78858795
12.74334335 -0.09010264 -5.93629799 2.90052328
12.61518231 -0.29960960 -5.98498745 2.76591473
12.82893620 -0.33316860 -6.04043541 3.69167528
12.87366810 -0.70652956 -6.02668342 3.40869312
13.05896550 -1.03691471 -5.96900635 3.77605972
