28.29576264 0.18105694 -5.57176981 4.34376583
28.16368179 0.33630086 -5.62357531 3.84719963
28.32286720 -0.33393033 -5.58454113 4.69419098
28.43875046 0.19232412 -5.63901748 3.46488075
28.53165970 -0.06975152 -5.64949169 3.27578893
28.56219215 -0.30999811 -5.67198439 2.46843176
28.42768860 -0.33222325 -5.61833773 3.76304102
28.52782096 -0.70745233 -5.65617084 4.01951084
28.63658943 -1.06773972 -5.53626394 3.24970665
28.13738785 0.16958659 -5.52200671 2.91694531
28.10071487 -0.10230737 -5.46608162 3.05549946
28.10190811 -0.33739142 -5.51737880 3.15282469
28.21602134 -0.34785810 -5.56264066 3.70374565
28.26039810 -0.70513152 -5.69634943 3.39897251
28.33662567 -1.05957000 -5.60407543 3.61455612
