25.43130493 0.23353957 -3.83468747 3.73237133
25.24965477 0.41302019 -3.87498426 3.76010418
25.49820518 -0.27407339 -3.82000089 4.31758261
25.47867966 0.23704694 -3.98517466 3.46151352
25.53800011 -0.02599150 -4.05446625 3.22818232
25.45074081 -0.26709804 -4.07786274 2.77477217
25.51399422 -0.26660860 -3.92621374 3.32043600
25.41968727 -0.63466018 -3.98410130 3.94436169
25.64584351 -0.90086001 -3.85453558 2.83206892
25.37960434 0.21994214 -3.68474984 2.65724134
25.35427856 -0.05907911 -3.61685443 2.96593237
25.27941132 -0.30188763 -3.61163044 3.08258128
25.47485542 -0.27748737 -3.72070718 3.68547606
25.47265244 -0.66819102 -3.77381229 3.26438260
25.53077698 -1.04758155 -3.81219816 3.47748303
