24.02011376 0.21283484 -2.58359542 4.99520493
24.04888726 0.39400466 -2.74413714 4.19820175
24.04869881 -0.31462440 -2.57223015 5.47367172
24.09322357 0.21445168 -2.70879769 4.49450722
24.11316299 -0.04538296 -2.76376706 4.05951991
24.10353356 -0.28586612 -2.77361656 3.70759058
24.09050674 -0.31749486 -2.66847453 4.42137442
24.11712685 -0.70145297 -2.65878281 4.66485357
24.22720719 -1.07671533 -2.60686836 4.50854263
23.91568794 0.20833088 -2.46841455 3.58452506
23.85578079 -0.03232754 -2.37798414 3.62227940
23.84602013 -0.26732351 -2.38703370 4.10782852
24.00851517 -0.31423300 -2.47786255 4.43306828
23.91593590 -0.68889848 -2.49638190 4.27577343
23.97088585 -1.05180426 -2.41223621 4.64657221
