13.05400658 0.19414815 -5.68584251 4.04393196
12.96572781 0.39464483 -5.77191353 4.13246536
13.03114605 -0.31726766 -5.70812702 4.68460846
13.07822323 0.19517307 -5.83850050 3.87669444
13.13027096 -0.06294931 -5.88225460 3.63653493
13.11573696 -0.29688749 -5.93120432 3.32557487
13.04969978 -0.32145983 -5.81052637 3.73874760
13.02640057 -0.69383407 -5.80560350 4.14914036
13.11075306 -1.06138587 -5.78152275 4.60076475
13.03271770 0.19151226 -5.53327131 2.96087670
13.02662754 -0.07823487 -5.49658203 3.16812110
12.98358917 -0.32124481 -5.45346975 3.39387608
13.01690197 -0.31637466 -5.60434914 3.69492722
12.88395023 -0.65864253 -5.54484797 4.06923819
13.09688282 -0.97394776 -5.57089090 4.77654076
