17.75542793 0.19202157 -5.23513861 4.25825538
17.69990730 0.38450607 -5.37390299 4.05742922
17.78565064 -0.30332628 -5.18033256 4.91741161
17.90456009 0.19853749 -5.28448229 3.78036356
17.97744599 -0.06483509 -5.26379509 3.71471882
18.01813926 -0.30067166 -5.24316635 3.65742855
17.88980980 -0.30206472 -5.21640577 4.15882683
17.94227600 -0.66107279 -5.29381427 4.46427594
18.05737686 -0.98601201 -5.12356128 4.24397793
17.61732483 0.18569694 -5.17383042 2.89380241
17.58633423 -0.08685227 -5.15469656 3.10725837
17.54799804 -0.32910516 -5.19846201 3.42076307
17.67410927 -0.30110524 -5.15344753 4.10314579
17.60945320 -0.66712650 -5.17248698 3.72269259
17.59481163 -1.03551347 -5.08670454 4.08088207
