12.81780129 0.19276384 -4.39185791 4.13404674
12.72479458 0.39174669 -4.41355104 4.13071442
12.77967873 -0.29472376 -4.41584149 4.87594281
12.86076698 0.19906108 -4.53524132 3.82894068
12.85823097 -0.05465166 -4.60855980 3.70427575
12.75779686 -0.27047728 -4.65902577 3.20598645
12.83377056 -0.29722321 -4.50830230 4.04016104
12.86021748 -0.68517144 -4.45124836 4.59520407
12.97649517 -1.00023656 -4.27253895 4.51708717
12.76039848 0.17423085 -4.24725151 2.92834673
12.73967648 -0.08435900 -4.20066261 3.21799250
12.66399479 -0.31851137 -4.19592781 3.24254241
12.72128811 -0.29979601 -4.32695799 3.78782506
12.64761219 -0.67483685 -4.40359297 3.77792287
12.66852627 -1.06573079 -4.46064024 4.29470110
