24.40070381 0.21545089 -5.22730704 4.05013847
24.42538147 0.39177946 -5.39722013 3.74399471
24.35824204 -0.28409778 -5.14381676 4.76848621
24.55994377 0.21318358 -5.21958246 3.78017273
24.63751831 -0.04236254 -5.31124945 3.44103556
24.67094345 -0.25171054 -5.44790325 2.38916664
24.45856781 -0.28402222 -5.11928253 4.06644125
24.36548195 -0.67195823 -5.08605385 4.75094366
24.14000244 -0.99584799 -4.98083963 4.41366453
24.24311027 0.22232128 -5.23903399 2.67562523
24.08261414 0.00857333 -5.19962587 2.87988987
23.93497429 -0.17980059 -5.20785732 2.65409155
24.25752373 -0.28471393 -5.17520370 3.93034305
24.38436928 -0.66745553 -5.24300728 3.84101209
24.45260010 -1.04191513 -5.23555174 4.42079773
