28.71358795 0.19460228 -5.41389312 4.09130802
28.52990151 0.40124184 -5.35535059 3.66143494
28.75808944 -0.34496990 -5.43163509 4.65583429
28.70708046 0.19426349 -5.58272228 3.53367939
28.82696991 -0.04814677 -5.65426016 3.15507846
28.90874481 -0.27566989 -5.69067707 2.19001379
28.71668281 -0.34242901 -5.53861657 3.77627082
28.53846321 -0.68655169 -5.41678496 3.76335802
28.47580261 -1.08894021 -5.32839975 3.29690594
28.72693786 0.19320514 -5.24154987 2.75409522
28.71625633 -0.08378051 -5.14621096 3.00060225
28.62554397 -0.29743641 -5.07465915 3.02702251
28.81386070 -0.34516273 -5.33072548 3.85431209
28.93978730 -0.69509109 -5.40883713 3.41740246
29.11158218 -1.04538598 -5.49954930 3.40745277
