13.43618011 0.18859418 -5.28918171 4.39568281
13.35934925 0.40975076 -5.37490082 4.45901060
13.43902779 -0.29926670 -5.30272388 4.85751629
13.55073166 0.18797065 -5.39905643 3.91794300
13.63877773 -0.06334515 -5.41480827 3.69626260
13.55143166 -0.26455072 -5.50500584 3.89865255
13.51020241 -0.30379733 -5.38616943 4.04764318
13.44398117 -0.66670007 -5.51443911 4.61185074
13.56490231 -0.95914847 -5.33116007 4.26508856
13.32321739 0.18715763 -5.18021727 2.99920964
13.23892307 -0.07002607 -5.17236280 3.28729057
13.13702583 -0.22258300 -5.34331322 3.99382210
13.36334419 -0.30083579 -5.22374725 3.91881585
13.36211300 -0.67992532 -5.26174927 3.79359055
13.46691895 -1.01871955 -5.13572216 4.51612568
