27.78978691 0.20788895 -5.28572855 4.16178522
27.59863396 0.38810658 -5.27431240 3.72483583
27.82756119 -0.30650375 -5.28310404 4.58300791
27.74467888 0.19133693 -5.43315906 3.64279680
27.74416618 -0.08289554 -5.47650404 3.63188944
27.70471153 -0.31579012 -5.52685366 2.71741304
27.78227921 -0.31527593 -5.38370142 3.65572333
27.73210411 -0.69027392 -5.29451456 3.92288508
27.76524696 -1.07187283 -5.24135714 2.95370574
27.83436432 0.22543252 -5.13773689 2.75247993
27.89787369 -0.04289833 -5.06605406 2.96556726
27.83628922 -0.28559770 -5.03155946 2.79601918
27.87136917 -0.30595117 -5.18036098 3.89917989
27.85033989 -0.69220774 -5.17732772 3.27323432
28.14448929 -0.92667583 -5.32053375 3.41021204
