24.19943352 0.20474790 -2.54789705 4.44069214
24.17306595 0.35134670 -2.74893994 3.71134930
24.26742935 -0.30353417 -2.51909871 4.70601206
24.34434166 0.21949299 -2.61190548 3.98215232
24.50996132 0.00449800 -2.54811444 3.77954727
24.63285713 -0.20340739 -2.52233162 3.24903059
24.35063286 -0.29585750 -2.58804436 4.02348919
24.28644104 -0.68419701 -2.62122073 4.08091869
24.23837089 -1.08246970 -2.60568562 3.74603820
24.05656700 0.18498286 -2.47318315 2.81355639
24.00319099 -0.08520301 -2.41014829 2.86923446
23.94890938 -0.32633112 -2.42215796 3.04729653
24.17758675 -0.31021547 -2.45722980 3.76223140
24.23601226 -0.69846332 -2.45287733 3.67961960
24.36501884 -1.07228651 -2.39817658 3.66154085
