20.76180038 0.18100798 -11.74897957 4.29956360
20.66812096 0.40639587 -11.67360268 4.23701887
20.75526619 -0.31256871 -11.72167130 4.76684132
20.67988281 0.17759252 -11.88311005 3.83439960
20.64927139 -0.08345119 -11.95750313 3.59097376
20.65054627 -0.32072965 -12.00576515 2.57318158
20.70070915 -0.32416342 -11.81408844 3.77444544
20.66208839 -0.70111338 -11.75947036 4.16780119
20.67072678 -1.06194423 -11.69052601 4.12273960
20.85414658 0.18874059 -11.62317066 2.82846389
20.86624756 -0.06652889 -11.52940426 2.94572111
20.78090134 -0.26722998 -11.43327865 2.84790516
20.82090263 -0.31507729 -11.63903427 4.03057766
20.76546745 -0.69747585 -11.62350158 3.82157150
21.00487785 -0.93859498 -11.82357769 3.61515293
