19.75154800 0.20521075 -4.87838822 3.76691694
19.57164383 0.40296062 -4.91496592 3.93088303
19.76024551 -0.29841942 -4.89741106 4.65768166
19.75762558 0.20849870 -5.03196735 3.44924259
19.76793365 -0.04750591 -5.12292080 3.49723067
19.68114700 -0.26480130 -5.11991720 3.07980589
19.75576554 -0.29528824 -5.00310039 3.65943356
19.62446327 -0.65091724 -5.02182465 4.29345340
19.88418236 -0.90774416 -5.01041546 3.91244731
19.75054855 0.19864915 -4.72234039 2.81874203
19.77495308 -0.07032908 -4.65412827 3.03761168
19.71012878 -0.30690909 -4.63178148 3.32502608
19.76656342 -0.30266576 -4.79434319 3.79917517
19.70242920 -0.67771696 -4.82266131 3.61217870
19.77660942 -1.04074819 -4.84387684 4.13032531
