26.54207420 0.14192921 -8.61369247 4.50510598
26.63402557 0.32826914 -8.75781631 3.76463547
26.50100632 -0.33571035 -8.53852367 4.82683468
26.62925873 0.16707414 -8.48378506 4.18716965
26.59941864 -0.05316201 -8.34251652 3.68668198
26.68428879 -0.27451019 -8.40871353 3.12427354
26.56572724 -0.32855407 -8.45698147 4.45556030
26.78470688 -0.63255089 -8.64221745 4.10391264
26.61363792 -0.92452576 -8.52007637 2.46536731
26.46327705 0.12667477 -8.75845852 3.02550926
26.44979515 -0.13268364 -8.80504570 2.89105587
26.65916977 -0.25114858 -8.85437069 2.69132914
26.41682129 -0.34406987 -8.60393048 4.11060143
26.43254814 -0.73376310 -8.59733219 3.73889579
26.31004753 -1.02692784 -8.42719478 3.13489728
