13.69575977 0.20639940 -6.82345009 5.00198078
13.71864319 0.37810248 -6.65346622 4.22676182
13.67102528 -0.28817534 -6.76573896 5.28442669
13.55706406 0.20504507 -6.87105274 4.50924587
13.48474693 -0.05811046 -6.90075159 4.33965683
13.41809940 -0.27739188 -6.83350563 4.84172344
13.57489300 -0.29508215 -6.81023645 4.25400829
13.65254116 -0.65737003 -6.76916552 5.38374805
13.74825478 -1.00428748 -6.76409626 5.44743538
13.83245754 0.21380869 -6.77229738 3.39949179
13.92788315 -0.03690810 -6.79297781 3.27845526
13.93903923 -0.26899984 -6.75699615 4.40127087
13.77144337 -0.28470644 -6.74340439 3.88402104
13.81011009 -0.63203812 -6.63754082 4.95793295
13.93612385 -0.92994440 -6.83926964 4.56137943
