16.27857818 0.19615389 -9.14783974 4.16383228
16.22109604 0.40653708 -9.04098625 4.15822849
16.29459572 -0.30631497 -9.15121288 4.88054762
16.15975761 0.19669254 -9.24659500 3.81039381
16.10143280 -0.06940657 -9.27489605 3.64611369
16.04423180 -0.28472042 -9.19858627 3.19862280
16.21204872 -0.31063128 -9.21872826 3.92647467
16.12699547 -0.65243126 -9.11715069 4.41339178
16.20774994 -0.98220044 -9.27668343 4.00439511
16.39275093 0.19908830 -9.04270401 2.88012781
16.45597191 -0.07113708 -9.02765675 3.13668242
16.42077217 -0.29928013 -8.98073482 3.60346050
16.38386383 -0.31316483 -9.09144001 3.93989005
16.36352654 -0.68418212 -9.08350410 3.98377456
16.41369858 -1.03882973 -9.17528572 4.20482101
