13.20555019 0.17766216 -6.34206438 3.75451970
13.07761574 0.38777089 -6.34334087 3.90707374
13.16622162 -0.31261182 -6.31798744 4.45127392
13.17212391 0.16959804 -6.49420357 3.40715790
13.23921776 -0.05981402 -6.62410116 3.40752649
13.29990768 -0.26381293 -6.76565075 2.69856167
13.13789749 -0.30860028 -6.42286968 3.46200752
13.03142548 -0.67665988 -6.39521170 4.12267733
13.03477287 -1.06127501 -6.36952734 3.73535204
13.23310661 0.18654481 -6.18802452 2.78406334
13.24741173 -0.05713898 -6.07559443 2.95279145
13.10198116 -0.24584357 -6.00009203 3.00665927
13.19551659 -0.31571764 -6.21333170 3.70715094
13.30693436 -0.68271887 -6.25293016 3.25783181
13.49655056 -1.01163578 -6.33501863 3.90004444
