29.24519730 0.19080887 -7.20032911 4.37522831
29.09507713 0.34748077 -7.27220153 4.01297703
29.31001167 -0.31904259 -7.20657215 4.69719887
29.39397545 0.20534521 -7.24468355 3.89951410
29.53686371 -0.02255645 -7.23824282 3.14270029
29.61115837 -0.25587021 -7.25881166 2.54357562
29.41599121 -0.31769428 -7.23904629 3.89033127
29.45564727 -0.69547649 -7.25734348 3.52281208
29.46234436 -1.08203027 -7.20603027 2.81547722
29.08928452 0.17221785 -7.16237783 3.01815657
29.06708450 -0.07507550 -7.07885113 2.69465966
29.07043533 -0.26289710 -7.24246321 2.00766507
29.20562210 -0.33102476 -7.17341232 3.93111963
29.22167968 -0.71184251 -7.19644280 3.22966404
29.27318992 -1.07204144 -7.06116486 2.89733138
