29.66585388 0.16891677 -6.57642946 4.50420580
29.66015396 0.43502443 -6.69429417 4.01150980
29.69046364 -0.39435571 -6.64097061 5.32164593
29.81192779 0.16122441 -6.55057707 4.50025310
29.89536896 -0.10095119 -6.59357700 4.24315596
29.93708725 -0.35219641 -6.70273609 3.86743441
29.79059219 -0.40051361 -6.61969004 4.53129292
29.95454445 -0.74497102 -6.74985352 4.85052052
30.08245811 -1.09493174 -6.70688333 4.68093796
29.52674332 0.16691488 -6.63224354 3.13288388
29.50519867 -0.10471825 -6.70299034 3.13986049
29.49547958 -0.33264031 -6.83284759 3.81880317
29.58947144 -0.39420410 -6.66375045 4.05609598
29.64639855 -0.75429574 -6.81540232 4.09154768
29.66002083 -1.12311730 -6.69792490 4.65638304
