24.21291208 0.09295228 -5.74897180 4.32392018
24.01119347 0.22943887 -5.75290821 4.25130374
24.36890001 -0.35283788 -5.76237764 4.76483509
24.19941530 0.09662924 -5.89108214 3.93085413
24.25995913 -0.12902446 -5.97326350 3.77617205
24.14397641 -0.20795708 -5.86895456 4.10434179
24.33537569 -0.35334320 -5.86399644 3.80219070
24.14091825 -0.66786405 -5.85652811 4.06452110
24.22402906 -1.02685495 -5.89900269 3.60052003
24.23084421 0.09671318 -5.60623841 3.05465693
24.32491274 -0.12238887 -5.53630714 3.33801537
24.15017815 -0.28142445 -5.52490778 3.85437958
24.40645857 -0.35296543 -5.66277621 4.01070048
24.46412725 -0.71178414 -5.72305138 3.63925387
24.78232555 -0.90896364 -5.81980627 3.91984611
