26.25304680 0.17272237 -4.76851530 4.39180164
26.06566467 0.37432876 -4.74849233 3.90824432
26.33111649 -0.33032254 -4.77499380 4.76865578
26.23568840 0.18159463 -4.91537571 4.24264193
26.26772117 -0.07066722 -5.02421865 3.92676039
26.12899895 -0.28960090 -5.02739020 3.40822687
26.31971054 -0.33107562 -4.89202509 3.95752158
26.27945023 -0.71241074 -4.90184927 4.25270338
26.59280091 -0.90531645 -4.89322109 2.91547737
26.25833130 0.15949342 -4.61366139 2.79221011
26.25388146 -0.11192859 -4.53672762 3.21411557
26.20382462 -0.35833285 -4.50226955 3.68603401
26.33918419 -0.33382947 -4.66155834 3.97541198
26.24818573 -0.71644519 -4.69717655 3.69683891
26.43587761 -1.05875733 -4.72665911 3.43117871
