24.45695610 0.20627068 -5.23765097 4.03510952
24.48679199 0.38285435 -5.40848780 3.75897312
24.41810989 -0.29275033 -5.16603699 4.60090504
24.61055260 0.20630075 -5.20117731 3.74272842
24.70493240 -0.05019802 -5.27399454 3.41550150
24.77647934 -0.25976749 -5.40149479 2.39812031
24.49639282 -0.29142577 -5.11180248 3.91129598
24.42709999 -0.68239290 -5.08896732 4.41093588
24.16832504 -0.98214092 -4.97700567 4.05863866
24.30549126 0.20977891 -5.28087988 2.72125502
24.14598999 -0.01100948 -5.26738520 2.90193863
23.98227578 -0.19463634 -5.26792488 2.53866110
24.33570061 -0.29513240 -5.22342701 3.79656572
24.46058769 -0.67179923 -5.27362709 3.54894762
24.48173981 -1.05036220 -5.23649092 3.99228782
