30.00067711 0.21646898 -6.13132706 4.45140762
29.82489738 0.40923737 -6.08096247 3.88223381
30.04238472 -0.33555001 -6.18425932 4.70008716
30.04734230 0.21610152 -6.28621388 4.10034418
30.14131622 -0.04145604 -6.36113643 3.13811102
30.19905930 -0.28322313 -6.38513041 2.45289898
30.03339310 -0.32935420 -6.30173826 3.80261836
29.86307907 -0.67045907 -6.14649067 4.03295407
29.83612900 -1.06318292 -6.08310146 3.43458476
29.94373970 0.20164463 -5.97054739 3.02967081
29.85684052 -0.08190564 -5.89526596 3.16018596
29.71384278 -0.29896177 -5.85115785 2.61638431
30.06066742 -0.34287401 -6.06395598 4.06619816
30.13136062 -0.70944184 -6.11702385 3.60685539
30.26185646 -1.07625203 -6.18226499 3.41456146
