22.71997223 0.20101487 -15.21796474 4.18334970
22.75481949 0.39857167 -15.06865463 3.96949482
22.70455399 -0.33003488 -15.22933121 5.18006849
22.55021515 0.21232269 -15.25681992 3.85342727
22.49324608 -0.06375111 -15.25873833 3.64987269
22.56742706 -0.25413311 -15.10878525 3.63319607
22.60400276 -0.34187040 -15.25605564 4.31826344
22.69235611 -0.71391585 -15.28387451 4.16828117
22.76839104 -1.08142691 -15.38200684 4.15768719
22.88645744 0.19519649 -15.19411430 2.91822853
22.94947472 -0.08389505 -15.18051090 3.13566718
22.99463158 -0.31030891 -15.11245956 3.21907001
22.81087189 -0.32419453 -15.20767059 4.26905155
22.81060410 -0.70560804 -15.14841271 3.80977535
22.86136169 -1.08533416 -15.16017017 4.05850878
