27.44505997 0.26528152 -5.24431963 4.38462152
27.50091553 0.47817673 -5.38322096 4.16130819
27.45914040 -0.27078980 -5.24566622 4.90088005
27.61861573 0.27214135 -5.27295323 3.90907846
27.72027702 -0.00206419 -5.29755983 3.38856106
27.75134735 -0.24055159 -5.33918781 2.62125015
27.57166595 -0.26774441 -5.27305632 3.91523976
27.60328903 -0.63975869 -5.33831100 4.26026888
27.64527588 -1.01345034 -5.23409815 3.77177782
27.27130776 0.25264471 -5.21341953 2.99228692
27.18828964 -0.01779246 -5.14743938 3.10402312
27.15123825 -0.25023725 -5.13432951 3.33789282
27.35031624 -0.27751163 -5.21461602 4.00566254
27.33897858 -0.66843492 -5.28024407 3.53571267
27.38440056 -1.07048857 -5.25117941 3.90876479
