29.35323982 0.10284513 -6.88329067 4.25774412
29.35240212 0.32421026 -7.02653751 4.04251032
29.40091553 -0.40541735 -6.90236406 4.95937987
29.49609222 0.12298573 -6.84410954 4.33674669
29.60387573 -0.10126700 -6.86027222 3.78958802
29.57597618 -0.27116630 -7.01524353 3.17305536
29.49927673 -0.39937791 -6.87025433 4.23193874
29.64989319 -0.74265192 -6.93555698 4.36514550
29.73279496 -1.08709996 -6.82989807 4.23033867
29.21338463 0.09262106 -6.93533936 3.14934621
29.15351601 -0.13761273 -6.98677120 3.12605562
29.26140632 -0.25161849 -7.17814073 3.42507262
29.30311890 -0.41128786 -6.93768044 4.01618032
29.38957863 -0.76205548 -7.10613079 3.67746649
29.33586655 -1.11733312 -7.04005022 3.97512169
