26.06372452 0.15337904 -8.34274101 4.50040722
26.14348221 0.32302719 -8.48107052 3.64203930
26.05049706 -0.33768687 -8.30303764 4.66484118
26.19937515 0.16427930 -8.26331902 4.20284939
26.27281189 -0.08829139 -8.21474361 3.26496601
26.34999084 -0.18548077 -8.42537785 2.45393276
26.10564995 -0.33590961 -8.21297646 3.91032362
26.15719795 -0.73745871 -8.21690655 4.66053486
25.75395012 -0.81801581 -8.06192017 3.43991780
25.93231201 0.13989040 -8.43581867 2.90128279
25.76486969 -0.05999142 -8.38436222 3.06242228
25.84564972 -0.27482274 -8.47459412 2.60321808
25.98650169 -0.34296694 -8.38905907 3.95338511
26.19036674 -0.68384337 -8.42519283 3.86859465
26.25398636 -1.05720007 -8.37726116 3.11229253
