12.85648766 0.19442196 -5.55766573 4.08446655
12.77873382 0.39488670 -5.64376650 4.15276032
12.85127602 -0.30767414 -5.57272033 4.82536545
12.88803081 0.20800601 -5.70610952 3.93813124
12.84366341 -0.02933361 -5.78760329 3.73691330
12.74727879 -0.10954510 -5.89667340 3.89639988
12.87652931 -0.30769812 -5.67677727 3.85587158
12.88189144 -0.68520300 -5.72224941 4.43948288
13.01337986 -1.03920913 -5.75075846 4.17413540
12.82673283 0.17925094 -5.40999050 2.93368974
12.85010281 -0.07031012 -5.34377994 3.20051236
12.84928264 -0.30701025 -5.29429321 3.34883155
12.83047562 -0.31116482 -5.46947584 3.79149818
12.71772976 -0.67308756 -5.46581831 3.82050486
12.75023289 -1.05238845 -5.41737614 4.29493599
