26.78151932 0.26495123 -6.00903282 5.63572121
26.69190330 0.48523321 -6.00917587 3.22669701
26.77404175 -0.25982128 -6.01768952 5.35839510
26.79346123 0.27418281 -6.13881331 4.76324311
26.51873284 0.36543226 -6.19020824 4.34709616
26.45088501 0.50115993 -6.02937508 3.76172724
26.78773498 -0.25493512 -6.12246828 4.29951353
26.71104126 -0.64828093 -6.21064396 4.52556820
26.82435074 -1.02097049 -6.24200382 4.44655600
26.76213035 0.27273420 -5.89044180 3.88858500
26.54652481 0.30201514 -5.77837124 3.63323183
26.58980484 0.50902115 -5.67402420 4.29155998
26.75244217 -0.25931655 -5.91294975 4.13686466
26.62454300 -0.64973292 -5.92901516 4.10189628
26.69119148 -1.03489771 -5.88793268 4.88273697
