28.84187469 0.02292823 -6.18298092 4.99201555
28.66854554 0.15475171 -6.21542148 4.08822727
29.11931457 -0.39710926 -6.22346649 5.14036456
28.79844704 0.00368082 -6.30076132 4.47493076
28.74980126 -0.26558461 -6.30506782 4.07832794
28.59848938 -0.47163515 -6.33062591 3.68880806
29.13281060 -0.39344211 -6.33906812 4.67167835
29.30039482 -0.74876754 -6.31093206 4.86965113
29.56927300 -0.97386166 -6.21685886 4.27991143
28.89244194 0.04497211 -6.05875415 3.50379076
29.04163665 -0.15678244 -5.99397727 3.46809635
28.99488220 -0.37438785 -5.96120205 4.05012159
29.12118950 -0.39351300 -6.10824947 4.04920006
28.84337387 -0.63639954 -6.13481016 3.80349073
28.95641441 -1.01345346 -6.10164766 3.59602289
