22.38001557 0.17054439 -13.87478943 4.43899479
22.33400459 0.37483859 -13.70480785 4.26753673
22.39045257 -0.35024229 -13.91114769 4.96789074
22.27726479 0.18165081 -13.99110108 4.08998403
22.21881485 -0.07861620 -14.08702507 3.78197179
22.14951515 -0.31579255 -14.13849754 2.80934496
22.30358772 -0.36000569 -13.97576943 4.18591804
22.27885971 -0.72032330 -13.80550708 4.44683543
22.31589317 -1.07355013 -13.69298382 4.52962136
22.49322967 0.16478762 -13.76744805 2.91205139
22.52769050 -0.10167769 -13.71188183 3.15745831
22.49721909 -0.33810867 -13.64564781 3.04074817
22.48008347 -0.35016126 -13.85871811 4.13750677
22.49896469 -0.72533756 -13.96603661 4.37668147
22.58105278 -1.06003830 -14.10464725 4.43718472
