27.56624031 0.20116957 -8.37791100 4.44940300
27.44621315 0.44399896 -8.29842281 4.21733322
27.62085762 -0.29972507 -8.41693325 5.15122289
27.51421242 0.19445917 -8.50674114 4.32946453
27.44773293 -0.06197515 -8.60771675 3.83063793
27.33648300 -0.28570902 -8.58480835 2.55456018
27.56312714 -0.30930722 -8.51129608 4.28382177
27.38117180 -0.64660403 -8.49761200 4.19838124
27.56377792 -0.96248318 -8.55179825 3.11373263
27.62294311 0.20495423 -8.24677219 2.90122594
27.64969177 -0.04945883 -8.17926903 2.92289571
27.56844902 -0.28084362 -8.12712631 2.85461492
27.67413101 -0.30193675 -8.32155380 4.15797500
27.65231476 -0.69545259 -8.32409763 4.04371634
27.82782440 -1.01161033 -8.47882385 4.14004888
