9.46439075 0.24305226 -11.15837193 3.92241096
9.38106441 0.45800114 -11.02624130 4.19194698
9.44317913 -0.30317074 -11.15791225 4.82461262
9.33537292 0.24671826 -11.26075172 3.62639380
9.25570679 -0.02351515 -11.28651714 3.40569782
9.14476013 -0.24373898 -11.26281261 2.59737611
9.35636616 -0.29421651 -11.22791862 3.82569790
9.28743744 -0.66111958 -11.19715500 3.89262247
9.37485981 -1.03251028 -11.32728672 3.55644155
9.59889126 0.23508872 -11.06412029 2.77255940
9.63827801 -0.04631958 -11.02550411 2.99553418
9.56734848 -0.27620402 -10.95255566 2.65317273
9.52656174 -0.31608969 -11.09188271 3.84289432
9.47156334 -0.68024993 -11.04087162 3.59161758
9.56128407 -1.07092273 -11.10143948 3.97327662
