17.19724274 0.15960175 -8.65194321 4.47963572
17.20032692 0.35768813 -8.49734116 4.01165485
17.26795578 -0.35006350 -8.70768166 5.02453184
17.04586220 0.14691000 -8.60670185 4.08521986
17.03999901 -0.12769528 -8.55680561 3.87341785
17.07612801 -0.33410206 -8.42839909 3.01302528
17.16399956 -0.36007765 -8.73254871 4.19340038
17.29364204 -0.71796644 -8.86640072 4.65218639
17.40708351 -0.99557698 -9.11462593 3.95635343
17.34267426 0.16958226 -8.70723057 3.26285172
17.39505768 -0.07017471 -8.82750988 3.21724820
17.48851967 -0.28724083 -8.86706161 3.49044323
17.37513161 -0.34408790 -8.68969250 3.91068292
17.36459160 -0.65623814 -8.48222351 3.98995209
17.36126709 -1.04274356 -8.52323914 4.14602566
