9.98728943 0.18952145 -10.11350346 3.64027858
10.10241032 0.35751548 -9.94727993 3.87179542
9.89129257 -0.31698713 -10.17646217 4.48843765
9.84735203 0.19748449 -10.02027130 3.39689636
9.67427540 -0.02485387 -10.04795265 3.22591162
9.61597252 -0.25024801 -9.97150517 2.13944197
9.81030655 -0.31633458 -10.10476780 3.63252211
9.83719826 -0.68469352 -10.01061535 4.67570114
9.50016499 -0.93744028 -10.18223667 4.21316528
10.12055397 0.17535718 -10.21732330 2.69124436
10.11755085 -0.07474627 -10.35486603 2.96769261
10.13084316 -0.31354007 -10.38053417 2.85442924
9.98048687 -0.31993309 -10.24645424 3.68604136
10.00108433 -0.69639146 -10.27020836 3.34377027
10.05754948 -1.07198501 -10.29896259 4.26317024
