12.28813457 0.23236455 -7.02839518 3.82110476
12.25780678 0.43246630 -6.84616423 3.84735942
12.34510517 -0.29316613 -7.06360722 4.81896925
12.12195015 0.22395198 -7.06853008 3.48474145
12.04867268 -0.05479344 -7.10279989 3.32970691
12.01107597 -0.30363670 -7.08491421 2.88237715
12.23738480 -0.29222161 -7.10373592 3.81047058
12.18369198 -0.67434514 -7.16091156 4.02797985
12.15461636 -1.04637551 -7.21606445 3.64261484
12.45034599 0.22919708 -6.98706055 2.64329338
12.51982880 -0.04774993 -6.96628618 3.08773851
12.51510620 -0.27958637 -6.87870598 2.98524642
12.45080757 -0.29348058 -7.02389908 3.94050550
12.47131634 -0.66262597 -6.92458344 3.50419950
12.52566719 -1.02244592 -7.07131624 3.65681219
