12.62653542 0.24251938 -8.16151237 3.62650466
12.84562206 0.44566634 -8.17268467 3.91160369
12.63461876 -0.28343895 -8.15169430 4.40419388
12.61678696 0.25158769 -8.00212765 3.41058040
12.62373447 -0.01430130 -7.92327499 3.17333674
12.76748753 -0.21202029 -7.88897133 2.84686279
12.62472630 -0.28269649 -8.04057407 3.33593369
12.74165154 -0.65792954 -8.02684975 4.10687017
12.45294476 -0.88365525 -8.06642532 3.58885908
12.63865757 0.21486057 -8.32273483 2.80660367
12.66025162 -0.06800731 -8.38428497 2.91239524
12.70685577 -0.30854264 -8.41145229 2.88670945
12.64225388 -0.28373653 -8.25878048 3.76169038
12.71322536 -0.66958857 -8.23812580 3.38355923
12.62610817 -1.02820015 -8.24790096 3.74746323
