5.65609550 0.08200116 -8.77356625 4.38223505
5.46741104 0.27481282 -8.71598434 4.21240807
5.69818926 -0.44120032 -8.71661472 5.02208233
5.60754871 0.06386114 -8.92882919 3.77819014
5.62833166 -0.20373945 -9.01118469 3.49792051
5.46384096 -0.31141704 -8.85939598 3.45011282
5.64624834 -0.44495714 -8.81191349 4.14177752
5.40528774 -0.73768598 -8.70662975 5.01879644
5.51990795 -1.08037782 -8.79125500 4.75945997
5.69430733 0.08562386 -8.61297131 2.97328091
5.76871586 -0.17998536 -8.54479599 2.89060712
5.63705063 -0.36044103 -8.51843166 3.23563790
5.74696445 -0.43786272 -8.61385059 3.92061281
5.68468332 -0.79394549 -8.52832890 3.96637177
6.01847172 -1.00119007 -8.60316658 4.13201857
