8.58630371 0.19240764 -10.40367699 3.53508902
8.69509029 0.38186651 -10.27867699 3.93837452
8.47579288 -0.31546012 -10.52869320 4.33009386
8.46747208 0.19105110 -10.29607868 3.53160048
8.43561649 -0.01375301 -10.10037231 3.25666332
8.66598797 0.00792556 -10.12331009 2.95176721
8.37043571 -0.31440377 -10.49084663 3.40206456
8.24430847 -0.69289351 -10.53054619 3.57173491
8.08037376 -1.05916286 -10.61071396 3.18019915
8.70126629 0.18684024 -10.52155399 2.84054208
8.84859657 -0.01849248 -10.61709881 2.94844484
8.84233665 -0.01101576 -10.38745785 2.50127363
8.57723904 -0.31585327 -10.58168793 3.77821445
8.66336346 -0.69113946 -10.52316189 3.24458647
8.63565159 -1.08238840 -10.60862160 3.51437688
