28.82891846 0.15470058 -9.95719567 4.54826984
28.64201317 0.33483335 -9.92782059 4.19130573
28.87323570 -0.39657830 -10.01280690 5.36925068
28.72508431 0.16665931 -10.07297745 4.17766580
28.69653282 -0.08870032 -10.14907036 3.92574177
28.60107727 -0.29738856 -10.12614536 3.31858229
28.78136330 -0.39399425 -10.06804848 4.19700127
28.71913261 -0.77645774 -10.00921498 4.55007181
28.77345543 -1.13742335 -10.11802883 4.31322870
28.94062119 0.14862182 -9.85259227 3.31702294
29.01009559 -0.10417181 -9.83718872 3.48828406
29.03703384 -0.32794247 -9.79305000 3.51961522
28.96458626 -0.40047722 -9.96445808 4.05590362
28.95119095 -0.78399369 -9.91900425 4.24921255
29.02631989 -1.14248073 -9.98456765 4.53468447
