29.13662872 0.12858648 -9.64425011 3.96683669
29.20660630 0.31337904 -9.48146839 3.75812883
29.20228462 -0.40324172 -9.71304149 4.86634483
28.98472633 0.13298794 -9.68077793 3.85478907
28.93051415 -0.10517410 -9.76423130 3.28158837
28.96708946 -0.21918189 -9.57827968 2.94981079
29.09140968 -0.40952571 -9.71352501 3.85262594
29.08847618 -0.77344005 -9.60006943 4.22300358
29.10170860 -1.12418008 -9.58102474 3.90145797
29.28781814 0.13149651 -9.60470810 3.11895438
29.34345360 -0.12920971 -9.60617332 3.12140789
29.31501197 -0.29004057 -9.47702351 3.06178083
29.31381378 -0.39413253 -9.71274051 3.89127731
29.40173340 -0.74913550 -9.67523327 3.88518405
29.49363327 -1.06584726 -9.82124920 3.86917801
