21.35636845 0.06045562 -8.49733591 4.20749654
21.17589245 0.21881983 -8.58543625 3.77438228
21.50870591 -0.39125240 -8.33925409 4.76342192
21.40403671 0.03229216 -8.64182968 3.72429971
21.44841613 -0.23043451 -8.69430990 3.51279852
21.36468315 -0.44784873 -8.75657854 2.65662425
21.55366211 -0.40222306 -8.43011522 3.99698439
21.47411595 -0.78012134 -8.36477489 4.27571578
21.63449764 -1.03639959 -8.15451250 3.78757789
21.30314732 0.09384822 -8.35559702 2.96371267
21.34250546 -0.11945173 -8.19643974 2.94574933
21.20655327 -0.31561290 -8.13857794 3.14045484
21.45919647 -0.37787057 -8.24728613 3.88845792
21.27711620 -0.70201825 -8.29803743 4.33458381
21.61079807 -0.87961693 -8.11185670 3.87560870
