8.77183666 0.00242365 -9.03882408 3.53501282
8.61511154 0.18900965 -9.03810616 3.73242422
8.85803204 -0.47857359 -9.08050671 4.36578388
8.75521717 0.02349419 -9.19635086 3.33764834
8.81065636 -0.17959085 -9.35891609 2.95914617
8.60495891 -0.27530925 -9.41069985 2.15176401
8.84575901 -0.47578739 -9.19054871 3.52675848
8.60576687 -0.73732269 -9.29467449 3.87683258
8.71949329 -1.06642728 -9.41031017 3.07318535
8.78757763 -0.01434777 -8.88338375 2.51371441
8.81971607 -0.27747155 -8.84944115 2.73922243
8.63393707 -0.39893380 -8.87445031 2.40947518
8.87017746 -0.48026360 -8.97269287 3.60881982
8.81970177 -0.78244442 -8.75611668 3.38094439
9.02734756 -1.08107705 -8.69761486 3.80654669
