10.38222618 0.00033720 -8.11938629 3.74333272
10.28009472 0.16672350 -7.99076443 3.77250591
10.52871723 -0.48485926 -8.14566365 4.54967136
10.25988560 -0.01453139 -8.21683445 3.52579422
10.04292240 -0.18831803 -8.17265816 3.44315118
9.86000881 -0.18439705 -7.97840176 2.75967083
10.46928158 -0.48074552 -8.23456421 3.82596655
10.31750775 -0.82518620 -8.22610435 4.05721732
10.53381157 -1.09520075 -8.30705585 3.54007992
10.50423317 0.01671292 -8.02114754 2.67764969
10.67432518 -0.17936847 -8.01375885 3.07482838
10.70941048 -0.37137392 -7.92196798 3.53614378
10.59281521 -0.48300352 -8.05702229 3.85449543
10.59360428 -0.85797832 -8.04747792 3.46115480
10.92898846 -0.98020066 -8.19399777 4.03412847
