12.96603108 0.02779330 -12.16009522 4.08299265
13.05262146 0.21149853 -12.03573590 4.02814675
12.81560116 -0.41782250 -12.20182095 5.01006518
12.90389157 0.02169335 -12.01387233 3.82377491
12.80936623 -0.20491901 -11.97594719 3.64720216
12.97533130 -0.36449208 -11.97866135 3.19690581
12.78396396 -0.42327399 -12.10721607 3.97113428
12.87485409 -0.77541344 -12.10487976 4.44648065
12.72290783 -1.06713889 -12.19623451 4.06337671
13.03256397 0.03780894 -12.30586567 3.06977096
12.98858013 -0.18313589 -12.42342816 3.23165922
13.09002724 -0.37602057 -12.36877441 3.47196579
12.82968044 -0.41992528 -12.30360451 4.06801720
12.78955230 -0.78616781 -12.25638275 4.70428314
12.44187908 -0.83452956 -12.27803993 4.26235213
