23.30706101 0.21976492 -10.38930779 4.09167700
23.45585212 0.36076973 -10.38441639 3.72249213
23.37896576 -0.28833707 -10.37580051 4.96270256
23.29377670 0.24566608 -10.23641586 4.03529978
23.41805458 0.03751971 -10.15365944 3.66448255
23.44435616 0.20873607 -10.30094910 2.59467220
23.37740593 -0.28833854 -10.26659241 3.90154519
23.50844612 -0.65282934 -10.25869141 3.85602321
23.33478317 -0.97355456 -10.33297997 3.12141528
23.31638603 0.20706318 -10.54665985 2.76894765
23.38971176 -0.04176465 -10.59104156 2.86659522
23.53067055 -0.21788505 -10.56110459 2.69853759
23.36850014 -0.29937792 -10.48442879 4.08579264
23.38301849 -0.68587169 -10.47948208 3.25928831
23.29577789 -1.04855788 -10.46264629 3.62154202
