29.47637797 0.17360269 -9.13980341 4.28603625
29.46468162 0.40121399 -9.02166581 3.80996251
29.55302858 -0.35941765 -9.09634590 4.80799437
29.33495140 0.14514874 -9.12411451 3.77186954
29.32574082 0.13450068 -8.91392136 4.33285815
29.29365730 0.27635152 -8.87584806 3.70031071
29.45139885 -0.36547117 -9.08379435 3.78699899
29.49795484 -0.74309760 -9.00043916 4.33217585
29.53971672 -1.07956960 -9.05115032 4.28977090
29.62422419 0.19137735 -9.14826870 3.01372922
29.74044371 0.15929867 -8.92131686 3.30490839
29.67049742 0.33906245 -8.96887398 3.18143773
29.66259813 -0.35094950 -9.12625552 3.93639803
29.70605945 -0.72589198 -9.10524869 3.95527112
29.62304974 -1.05121470 -9.22748447 4.23056185
