28.73295937 0.05568368 -9.69805527 3.98558092
28.79031296 0.24349222 -9.58761864 3.95047807
28.63869820 -0.42531151 -9.79558296 4.85341168
28.62741241 0.05784673 -9.66280593 3.72317944
28.53237534 -0.20362052 -9.65622596 3.42415867
28.55222588 -0.40503115 -9.61136093 2.90998993
28.56137581 -0.42453789 -9.74741498 3.83996897
28.54534912 -0.76054963 -9.68761235 4.13814974
28.44678764 -1.09395556 -9.63344517 3.79302683
28.84662247 0.04729733 -9.73887711 2.89752946
28.89929123 -0.20914949 -9.73602562 3.08562436
28.96579628 -0.40479878 -9.64365006 3.17533364
28.70504074 -0.42206703 -9.83352337 3.82995142
28.75092582 -0.78533358 -9.83414517 3.88405628
28.76851578 -1.11086374 -9.97502994 3.96824007
