20.86335449 0.22090943 -11.56887188 4.12443981
20.78663215 0.41272073 -11.47874413 4.01191330
20.87310409 -0.31451493 -11.53636341 4.71527004
20.77273674 0.22576824 -11.69769325 3.80908303
20.65684014 -0.00760515 -11.75506897 3.58778987
20.47182693 -0.16556644 -11.74431686 2.64037414
20.81871567 -0.31801822 -11.62938156 3.81476679
20.76165619 -0.68503889 -11.63158569 4.22182646
20.75272637 -1.04625724 -11.64613476 3.80984078
20.95966263 0.22666496 -11.44217415 2.84606071
21.01078453 -0.03023676 -11.38417415 2.96344252
20.87006340 -0.20938301 -11.32696285 3.19615950
20.93638192 -0.31410506 -11.45157528 3.97620778
20.97202301 -0.67320095 -11.39310608 3.56459622
21.10941887 -0.99103623 -11.50200959 3.70160065
