26.16603241 0.15640163 -13.84660969 4.46505604
26.04661331 0.33010820 -13.71176510 4.21995144
26.22997322 -0.36087490 -13.88396148 5.33390007
26.10246811 0.16902726 -13.99201164 3.97895899
26.13136940 -0.05455535 -14.10531788 3.54072289
26.03078575 -0.24312158 -14.02671032 3.31189184
26.19320794 -0.36097536 -13.97924404 4.30508165
26.15924073 -0.72866651 -13.95214062 4.35163450
26.41781082 -0.97745652 -14.05895615 3.72636862
26.24083252 0.14538845 -13.70796299 3.27173019
26.26944694 -0.11473337 -13.64737377 3.37214804
26.00345993 -0.16272778 -13.66260739 3.86298008
26.26217766 -0.36295598 -13.78598747 4.32163105
26.26897621 -0.74169355 -13.73130894 4.02533913
26.39446564 -1.08606768 -13.72222576 4.15551605
