8.04948941 0.14459842 -13.00826244 4.42178745
8.00277939 0.35839061 -12.87366352 4.37500973
8.08131714 -0.38818901 -13.00650139 5.08074198
7.91294766 0.15090703 -13.10848046 3.60164018
7.86172199 -0.11851622 -13.15303459 3.48682294
7.82642908 -0.08036976 -12.94127178 3.33132100
7.98163128 -0.38383315 -13.07531738 3.96952324
7.86592655 -0.73013404 -13.05897465 4.46987915
7.84630384 -1.10063872 -13.17840061 4.05945167
8.18635177 0.14627746 -12.91372280 2.82212172
8.28026123 -0.11322305 -12.87936821 3.19728728
8.27736454 -0.28407847 -12.73271771 3.38477221
8.18626919 -0.39190272 -12.94904842 4.08687048
8.26469669 -0.74218342 -12.90932407 4.22408762
8.47685566 -1.03255177 -13.01318569 4.45807362
