28.13678970 0.18720453 -10.91587296 4.14190350
28.04718513 0.36414735 -10.79466419 4.05969353
28.18449288 -0.36155845 -10.92385502 4.72030974
28.06186257 0.19769731 -11.05763207 3.84155092
28.02635536 -0.03290176 -11.17191543 3.46066765
27.93574486 -0.03209938 -10.96824703 2.60799146
28.16208343 -0.36113345 -11.03255729 3.73346362
28.21179314 -0.73195307 -11.01090164 4.02791567
28.31732750 -1.09654417 -11.01667805 3.57786951
28.20974044 0.18002823 -10.77638550 3.00198345
28.32406807 -0.07319280 -10.75939598 3.05247793
28.38501205 -0.28044693 -10.67312603 3.09456959
28.21198425 -0.36388047 -10.81904373 3.75923719
28.05324249 -0.71620838 -10.81816826 3.40961160
28.16635933 -1.07159255 -10.87660541 3.77458067
