9.42474365 0.22423054 -6.98661375 4.11615658
9.37790871 0.41572767 -7.08245182 3.72489333
9.37990856 -0.31601822 -6.97593117 4.56565285
9.56528282 0.21893494 -7.04273272 3.53117037
9.56148243 -0.03550181 -7.16478586 3.37599945
9.42674255 -0.01913761 -7.32054043 3.96280670
9.46585464 -0.31333345 -7.04597187 3.83598042
9.40998173 -0.70971429 -7.11799097 3.98548532
9.45164967 -1.08791673 -7.06186485 3.36861277
9.30003262 0.24323563 -6.90966034 2.59817767
9.08984375 0.14458635 -7.00172615 2.93070698
8.83556175 0.10743835 -7.05131102 2.46304512
9.29117775 -0.31519184 -6.91299248 3.87306261
9.20839024 -0.69954497 -6.95165825 3.36132789
9.24782372 -1.05123031 -6.82674599 3.48984790
