21.78909302 0.10607939 -10.65793438 4.01634264
21.60724450 0.29356842 -10.61589698 4.02333651
21.90577011 -0.37396166 -10.63874893 4.80944033
21.79118118 0.11375247 -10.80890846 3.59850788
21.81136322 -0.14121101 -10.87945537 3.49055743
21.69016304 -0.33347238 -10.83473453 2.94808269
21.92792091 -0.37981960 -10.73987846 4.02807570
22.08788643 -0.73940031 -10.76131440 4.00444402
22.35548363 -0.99328357 -10.78984222 3.26013723
21.79825248 0.10679336 -10.50958500 2.69863882
21.92706451 -0.12346307 -10.45356388 3.01314707
21.96956406 -0.34371425 -10.37135696 2.74755583
21.89139138 -0.37793880 -10.53523770 3.84197778
21.68373375 -0.70355514 -10.52020703 3.89030953
21.82366791 -1.01955156 -10.59492054 3.72650333
