23.26791458 0.02820731 -13.12132168 4.58268032
23.21743507 0.15044906 -13.28332462 3.99728708
23.40550385 -0.44984740 -13.04921284 4.87476063
23.40984268 0.05515431 -13.15769481 4.06752043
23.58094444 -0.12607043 -13.16497918 3.50985499
23.54577980 -0.06536433 -13.37349568 2.41545262
23.50948715 -0.44194050 -13.09200020 4.32402916
23.58346252 -0.71812557 -13.35901718 4.61628094
23.64262848 -1.05633154 -13.25820122 3.62074580
23.13734017 0.00461204 -13.06060066 2.89484968
23.11321526 -0.24309378 -13.00488796 3.35860987
23.13099365 -0.30971949 -13.18612423 3.44015799
23.30526504 -0.45858634 -13.00376415 4.01754255
23.09689141 -0.74789632 -13.14044953 3.96249700
22.93457412 -1.06973955 -13.13262729 3.80702963
