27.47161560 0.20282746 -10.38110027 4.38709698
27.28820686 0.38150120 -10.38286628 4.41504573
27.51082573 -0.32964192 -10.37576084 4.64918404
27.51252632 0.21866914 -10.54495182 3.61095195
27.64374733 -0.00830625 -10.64089947 3.12046504
27.54702721 -0.22148310 -10.61900463 2.43492427
27.54590073 -0.31776697 -10.48487587 3.89473591
27.49513321 -0.68045982 -10.56019344 3.87936535
27.60739746 -1.02501029 -10.64168091 2.90660024
27.43433037 0.19429670 -10.21831475 2.90678892
27.44586983 -0.05694836 -10.11575489 2.81515808
27.30581894 -0.23008373 -10.13863831 2.70096846
27.48444328 -0.32975943 -10.26590843 3.94291868
27.42824211 -0.70080936 -10.23207092 3.38552432
27.47209701 -1.06474633 -10.24317741 3.36354914
