27.36873703 0.16281800 -12.14587364 3.83148761
27.17324982 0.32020073 -12.18238945 4.03173876
27.42442055 -0.38846824 -12.16070938 4.75965338
27.41334610 0.16938036 -12.29979725 3.38379602
27.54201317 -0.04932901 -12.36543179 3.31824761
27.36010322 -0.16439628 -12.38636570 2.71002421
27.42067299 -0.38743677 -12.26676311 3.72754173
27.28860588 -0.75317434 -12.29995346 3.85257215
27.34847832 -1.12065589 -12.34921589 3.68299637
27.34020844 0.15528066 -11.99190979 2.80299282
27.32303467 -0.10042353 -11.95120335 3.06678042
27.13319893 -0.17127671 -12.07439938 3.36611299
27.42660141 -0.38991459 -12.05516815 3.81231198
27.38865433 -0.75990313 -12.05663147 3.60478167
27.66888046 -0.99023236 -12.01420479 3.55897441
