28.90883064 0.17622586 -10.36423054 4.26012764
28.65146523 0.35271449 -10.29831181 4.27200698
28.99986420 -0.36217100 -10.39550743 5.05133190
28.84005012 0.17585648 -10.49814758 3.96429453
28.85133629 -0.09367976 -10.56759739 3.65383244
28.77883644 -0.32685256 -10.59008541 3.39282184
28.93634796 -0.36721253 -10.48264637 4.10706120
28.87747574 -0.75464004 -10.46415367 4.37491236
28.96220780 -1.10594940 -10.56777554 4.14976483
29.00237503 0.18525458 -10.25029698 3.13395605
29.07709770 -0.07993122 -10.20444736 3.33033905
29.01522636 -0.28928633 -10.13061638 3.27918186
29.06657257 -0.35677581 -10.31642628 3.94602327
29.07643433 -0.74136973 -10.26839886 3.83013730
29.18880501 -1.09838504 -10.29869385 4.32479477
