16.27141190 0.19980844 -8.81956902 4.14243211
16.20890160 0.38169460 -8.67508945 3.95508165
16.24766884 -0.32204336 -8.80995293 4.95880804
16.18875370 0.20719995 -8.94595756 3.89359255
16.21525574 -0.00504620 -9.05487595 3.56758060
16.11428642 -0.06324970 -8.86056195 3.26702976
16.18059635 -0.32661583 -8.88999348 4.15998459
16.02152366 -0.66784698 -8.79525718 4.58622589
16.06659431 -1.02287534 -8.85533982 4.50280752
16.34828911 0.19590999 -8.68762417 2.89407077
16.44911690 -0.03541715 -8.65679588 3.10846081
16.26541138 -0.11702496 -8.57095718 3.45426407
16.32037773 -0.32732766 -8.73525200 4.06228190
16.29365025 -0.70731153 -8.77605247 4.19600277
16.38156471 -0.98838078 -8.98033867 4.49259072
