29.28718923 0.14449713 -10.86743898 4.51640372
29.07875779 0.29771083 -10.86856543 3.71734351
29.36117020 -0.39634065 -10.82607660 5.08294557
29.26731269 0.13497099 -10.99223074 3.89954385
29.22310162 -0.05335817 -11.04646947 3.91814815
29.09163290 -0.07383600 -10.96053397 2.95410763
29.34056346 -0.39201788 -10.91775929 4.23565282
29.25604852 -0.77366433 -10.98561913 4.73843689
29.42805513 -1.11777472 -11.04418173 3.71630202
29.31613388 0.16090048 -10.73414417 3.18827523
29.34357045 -0.01138661 -10.60712782 3.42971702
29.21315041 -0.01263142 -10.71541659 3.16106154
29.37960587 -0.39617156 -10.71788591 4.06418834
29.26551596 -0.77762095 -10.62299667 4.25081237
29.34749222 -1.00405614 -10.50186828 4.41027753
