16.07447128 0.15083726 -12.28977528 4.10018864
16.15200958 0.33120357 -12.15787601 4.00845394
16.03222103 -0.35920984 -12.31028252 4.88304720
16.03609276 0.15039892 -12.13974457 3.99243755
15.95348358 -0.06292599 -12.07572498 3.59225817
16.17380219 -0.11001216 -12.11712017 3.43016043
15.98949547 -0.36387679 -12.21584759 3.77856050
15.97785072 -0.73913080 -12.23190593 4.40570126
15.75920124 -1.00483747 -12.32275524 4.36285668
16.10998230 0.15606280 -12.44110222 3.11765380
16.01817837 -0.02770550 -12.58097973 3.18109102
16.15305519 -0.18839339 -12.61058483 3.53577242
16.06024036 -0.35344919 -12.40778752 3.95182486
16.22327728 -0.68055058 -12.42059594 4.23708563
16.02185574 -0.88539889 -12.43631249 4.02825484
