20.55750694 -0.02637183 -11.17590942 4.53434916
20.28091430 0.11096655 -11.25402222 3.96083202
20.75650635 -0.46217136 -11.11798039 5.21517238
20.59213982 -0.02299380 -11.31960449 4.04215889
20.76046219 -0.22892638 -11.36150417 3.77691431
20.80114861 -0.45919925 -11.42880745 3.36806136
20.77600937 -0.46699074 -11.22260056 4.44018936
20.78339996 -0.81669447 -11.33636017 4.52242050
21.05422363 -1.06829848 -11.30953445 4.13905000
20.53411446 -0.03075368 -11.03073082 3.10106105
20.61630745 -0.26177419 -10.91609574 3.16648259
20.59961471 -0.47969699 -10.81817799 3.06342902
20.74104767 -0.45927895 -11.01229229 3.94903020
20.57716370 -0.76599523 -10.88993778 4.24390793
20.63542710 -1.06168561 -10.70491409 4.21039105
