28.35511894 0.16054175 -10.68095474 4.35498724
28.09168244 0.31396585 -10.66453437 4.06321468
28.46069794 -0.38970493 -10.65467663 5.18919773
28.36401367 0.15978413 -10.83688946 3.87828608
28.40892486 -0.11008860 -10.88403225 3.85052839
28.27124672 -0.30747061 -10.92796707 2.79558048
28.46872063 -0.39258793 -10.76871548 4.14269123
28.47648087 -0.77988342 -10.71053695 4.55382652
28.63653107 -1.11869679 -10.76026516 4.11962214
28.37820129 0.15943826 -10.53148994 2.95776577
28.46834259 -0.09747205 -10.47316227 3.20066566
28.38267288 -0.30828338 -10.40785389 3.10014882
28.46684266 -0.39050231 -10.54382629 3.93025208
28.32957878 -0.77201138 -10.53298798 4.21805515
28.24986916 -1.08989017 -10.56677151 4.23629760
