22.58420181 0.16356614 -12.41844406 4.05906448
22.42585869 0.35161520 -12.31884041 4.11225834
22.67369652 -0.35140958 -12.45050049 4.70193558
22.59897041 0.18241281 -12.57500477 3.82366180
22.72835770 -0.02379497 -12.65865802 3.37694182
22.56660042 -0.12073993 -12.54961204 2.90771232
22.67344895 -0.35063389 -12.55468368 3.75838413
22.55415611 -0.71660434 -12.52355041 3.94713879
22.83042221 -0.88239703 -12.51194916 3.16608343
22.56478576 0.14066127 -12.26162872 2.71534057
22.59088707 -0.09933573 -12.18383522 3.08442603
22.39876098 -0.06111264 -12.24752502 3.47934079
22.67689323 -0.35237898 -12.34672509 3.93589396
22.67974434 -0.73914832 -12.37403336 3.39891276
22.84329911 -1.06516943 -12.42924194 3.44226947
