22.37199173 0.18045620 -11.72228546 3.87620268
22.46105117 0.36999654 -11.63372612 4.17370710
22.41898995 -0.34254482 -11.72180939 4.71040268
22.31696739 0.18885915 -11.58185196 3.58358536
22.20954895 -0.03396702 -11.55435600 3.44199333
22.43154869 -0.07389782 -11.55064507 2.92960506
22.39926910 -0.34436875 -11.61841965 3.89943437
22.59141655 -0.68716490 -11.63672104 4.28186474
22.32031860 -0.92812779 -11.72252827 3.53300495
22.41332321 0.17679318 -11.86983891 2.88112793
22.41660232 -0.05239767 -11.97070388 3.08311219
22.61996689 -0.05130717 -11.91216717 2.78104153
22.43155670 -0.34139506 -11.82835655 3.88992825
22.50514564 -0.72545287 -11.83030510 3.62596445
22.30303727 -1.01907270 -11.84266014 3.59077392
