28.33966140 0.15337486 -8.26922207 4.54576025
28.29465980 0.31695412 -8.09145412 3.83558984
28.41119957 -0.38248719 -8.24640847 5.36439019
28.20520134 0.14292369 -8.21198216 4.28115006
28.19694061 -0.12923723 -8.19091759 4.55039377
28.34515343 -0.10153772 -8.04303513 3.88938480
28.31246299 -0.39845414 -8.20750885 4.32890930
28.32764702 -0.73976923 -8.08925114 5.09667406
28.15892868 -0.99098082 -8.33243198 3.72190132
28.47990150 0.15898878 -8.32109852 3.01409187
28.58785171 -0.07421101 -8.40047855 3.40409050
28.68868332 -0.27336930 -8.32601719 3.27331357
28.51345176 -0.37695880 -8.28426723 3.98494320
28.66084328 -0.69978640 -8.13612843 3.91919999
28.79663392 -1.03313544 -8.23992787 4.55233293
