14.07621937 0.21160595 -5.75843801 4.46113462
13.94867134 0.38689986 -5.86169500 4.19247418
14.17029915 -0.29079588 -5.70790338 5.19127522
14.18602734 0.22346784 -5.85664130 4.13577328
14.32595520 0.03464828 -5.84192171 3.69724030
14.14969215 -0.08317281 -5.93117571 3.13560662
14.22675342 -0.28679684 -5.79643679 4.19044952
14.14449959 -0.65287757 -5.87420940 4.64805431
14.17690449 -0.99886360 -5.87412309 4.74067297
13.97640171 0.19953559 -5.65187626 3.15116925
13.94756794 -0.01622592 -5.56241178 3.38515568
13.94136333 -0.07856267 -5.77058392 3.49418774
14.11731243 -0.29462925 -5.61924848 4.12554131
14.17432251 -0.65926365 -5.61140881 4.42128449
14.36499386 -0.93272834 -5.50533466 4.53483009
