28.71747628 0.14704723 -9.97022533 4.24047918
28.48216324 0.34148390 -9.86464729 4.21096535
28.78539352 -0.40076621 -10.00938720 5.11635437
28.58499145 0.14539524 -10.05731430 4.00566721
28.56521835 -0.11909699 -10.12522793 3.73061772
28.50446052 -0.34168023 -10.09501094 3.22800632
28.68981858 -0.40495776 -10.06129989 3.96549368
28.66854439 -0.78994353 -10.01503963 4.38926706
28.76087265 -1.14794011 -10.08705940 4.07245960
28.85604363 0.15394948 -9.89635849 3.21866064
28.94800263 -0.11580158 -9.91577110 3.23821402
28.98711090 -0.32611088 -9.85050659 3.28495865
28.88623199 -0.39823602 -9.97052193 4.01937351
28.92440949 -0.78388288 -9.94182434 3.85657974
29.06154289 -1.12660053 -10.03429260 4.27544909
