15.41509056 0.18818599 -4.09812164 3.84715176
15.27355099 0.36460266 -4.16371202 3.99792361
15.47504616 -0.31319004 -4.09501219 4.61042786
15.44606400 0.19495456 -4.25336266 3.72229743
15.58595943 -0.00460717 -4.33348131 3.41390586
15.45765686 -0.18622036 -4.26784134 3.13646913
15.48114204 -0.31344631 -4.20024490 3.47955322
15.34873867 -0.67187309 -4.25994825 4.15614653
15.48145962 -1.00722420 -4.22737408 3.91871476
15.39847469 0.18075050 -3.94268346 2.95695448
15.48476410 -0.04670287 -3.87068677 3.09081936
15.32222080 -0.16847810 -4.00075197 3.37851429
15.46694946 -0.32309687 -3.98999763 3.77305269
15.52663708 -0.69534475 -3.89794803 3.82124090
15.71621132 -1.02585435 -3.83410692 4.24100971
