18.61371574 0.21384513 -11.92201538 3.79469371
18.72153434 0.38442023 -11.85894280 4.01846237
18.67370071 -0.31703611 -11.91255074 4.61770420
18.59497261 0.21846226 -11.76600399 3.64322157
18.56841850 -0.00844311 -11.68736687 3.47090426
18.76246223 0.00430260 -11.77411919 3.21120625
18.62632141 -0.31747612 -11.81680966 3.64948992
18.56344414 -0.68140995 -11.83907490 4.14412975
18.26853027 -0.83269455 -11.93736382 3.66835446
18.64373741 0.20425103 -12.07647934 2.85906138
18.60029488 -0.01519923 -12.18301277 3.16495872
18.78955307 -0.04579115 -12.09450588 3.78400984
18.71757660 -0.32025600 -12.00940571 3.81345334
18.82120705 -0.68545263 -11.99480591 3.67403330
18.85729256 -1.03557830 -11.98428516 3.73120995
