12.80599556 0.18703191 -6.79891090 3.91495561
12.67983074 0.38514920 -6.86236897 3.86499067
12.82505646 -0.33779875 -6.81994390 4.63623629
12.90227051 0.19997985 -6.92065220 3.55001927
13.03661709 -0.00674809 -6.94950915 3.31234608
12.83525333 -0.11536249 -6.97267046 2.55985417
12.85937881 -0.33501202 -6.91705065 3.68798170
12.73054409 -0.67874253 -6.97931604 4.01355543
12.86680546 -0.98770102 -6.93082742 3.75800166
12.71983910 0.17323766 -6.66846552 2.81818380
12.71786442 -0.06298797 -6.57525377 2.93280530
12.60206547 -0.14116350 -6.75754051 2.89092660
12.79308567 -0.34353140 -6.72106305 3.71662379
12.86232776 -0.71718604 -6.71166506 3.39596849
13.05779877 -1.03102686 -6.65870380 3.90661392
