6.01907939 0.39073128 -11.57390642 5.23465419
5.95934601 0.58689485 -11.54423418 4.13473372
6.11201134 -0.10663206 -11.46455012 5.22289076
5.91169739 0.34759397 -11.68538942 4.28494453
5.69728555 0.26340255 -11.54894981 4.44308908
5.77068272 0.44803778 -11.43944817 3.44358062
6.05189695 -0.12004918 -11.56337204 4.57805753
5.94079275 -0.54074022 -11.47589025 4.49222796
5.96653294 -0.94053078 -11.49554491 3.91632261
6.10790048 0.41989848 -11.46072006 3.97839504
6.02490315 0.63947258 -11.30190868 3.48516975
5.94905844 0.80851051 -11.25405283 4.21265936
6.18253207 -0.09934034 -11.36907749 4.32779522
5.91606974 -0.23134950 -11.27118502 4.97103929
6.20939927 -0.57538424 -11.06956873 4.87861290
