8.39247093 0.04558281 -10.15676537 4.12590389
8.21775913 0.22450728 -10.20143127 4.08982277
8.42440300 -0.45414574 -10.12758922 4.95657263
8.46172524 0.05179700 -10.29383736 3.70839758
8.53406162 -0.18611908 -10.36088867 3.60464030
8.46805286 -0.37362781 -10.35732765 3.81568546
8.46098843 -0.45497829 -10.22402954 4.02151231
8.31327038 -0.73580124 -10.40668450 4.63660488
8.30260143 -1.01188500 -10.64298477 4.03665647
8.32265797 0.04374741 -10.01326866 2.97284966
8.30402432 -0.20113604 -9.98045483 3.02976904
8.25232563 -0.19746216 -10.20144176 3.60609379
8.38747921 -0.45480692 -10.03000222 3.86914206
8.23547573 -0.80212258 -10.06882648 4.19335937
8.48000202 -1.08004458 -10.03540535 4.18527689
