28.48530655 0.12593658 -8.87980557 4.58932237
28.30269242 0.26186694 -8.92112866 3.66540785
28.69246902 -0.37208142 -8.85686206 4.98653965
28.55691033 0.14130558 -9.01696434 4.06162396
28.76393318 -0.00585416 -9.04755020 3.49286137
28.54400750 -0.13069767 -9.03502312 3.06517520
28.67301292 -0.36508442 -8.96123600 3.89703636
28.50188942 -0.73169075 -8.92163963 4.58886242
28.72750206 -1.02009673 -8.93404083 3.70428419
28.40203095 0.11261124 -8.74794216 3.09915104
28.37794342 -0.14633529 -8.68723545 3.23719125
28.23248902 -0.17754203 -8.85351029 3.43526945
28.71425552 -0.37154551 -8.75254364 4.11655464
28.82735710 -0.75569974 -8.77189636 3.85161519
29.08308639 -1.02642554 -8.79907684 3.64158278
