8.51232415 0.18646384 -9.49359894 4.09428063
8.41043034 0.38848555 -9.42583180 4.05460091
8.48138333 -0.35899693 -9.45240307 5.00487947
8.46943893 0.19503094 -9.64649067 3.76173115
8.42196922 -0.04860120 -9.73305416 3.37775335
8.23167496 -0.15397163 -9.62993393 3.26456223
8.47721424 -0.36469132 -9.56248646 4.08529301
8.55354557 -0.73464762 -9.58329430 4.22136474
8.68530255 -1.07644057 -9.57574005 3.84204517
8.54495049 0.18455362 -9.33627911 2.81058445
8.63337040 -0.06340048 -9.28694859 3.04409213
8.59685307 -0.28146258 -9.20947151 2.85642357
8.48550473 -0.35696513 -9.34003392 3.92836876
8.37417488 -0.70318029 -9.28673153 3.83240499
8.33037586 -1.04996893 -9.20260544 4.06825581
