29.02385559 0.14068909 -12.90560761 4.37748452
28.96657295 0.31155570 -12.77897091 3.73013978
29.05384674 -0.41980782 -12.96807003 4.96268883
28.92402610 0.16853590 -13.02763329 4.19880314
28.70355491 0.04068686 -13.01335030 3.64938517
28.74934731 0.21181820 -12.86243897 2.67713971
28.99628715 -0.41406363 -13.05728607 3.93718562
28.95830117 -0.79063798 -13.10626793 3.93234529
29.06787872 -1.14640865 -13.17574749 3.71505613
29.13020478 0.11686636 -12.80244599 3.17868242
29.20653610 -0.14807959 -12.78625469 3.20266557
29.25520439 -0.37092921 -12.71895752 3.37750463
29.10855941 -0.42758680 -12.87970409 3.89781532
29.19117241 -0.78516427 -12.76544571 3.38504090
29.37605171 -1.11762609 -12.72686272 3.90115910
