9.36796569 0.18840161 -7.49933443 3.36173115
9.57126446 0.34674792 -7.42674647 3.61162824
9.36562176 -0.34139842 -7.53719988 4.22609282
9.32024441 0.18592006 -7.34870357 3.03492184
9.25753460 -0.07142069 -7.28743076 3.11187301
9.29698601 -0.29961608 -7.20575466 2.14823017
9.33922405 -0.34535532 -7.43264074 3.47951488
9.40672187 -0.72047461 -7.42543965 3.56389418
9.36228618 -1.08349957 -7.43905239 3.36501841
9.41584072 0.19628340 -7.64782658 2.60249176
9.44647579 -0.05510171 -7.73852244 2.79152899
9.54620781 -0.24986001 -7.79739952 2.67348842
9.38872909 -0.34157319 -7.64386186 3.63032685
9.43349514 -0.72098212 -7.61556492 3.30775376
9.17568760 -0.96061249 -7.63289013 3.40361042
