18.01978607 0.22195497 -11.99038372 3.76662731
18.14384957 0.40402044 -11.93393764 3.96990962
18.05467796 -0.31201986 -12.01971722 4.64493142
18.01159973 0.21613248 -11.83039360 3.72706451
17.95353584 -0.01761858 -11.76165104 3.43587713
18.15449524 -0.00792488 -11.85475426 3.13849854
18.01978264 -0.31698368 -11.92401104 3.50753255
17.99552460 -0.69338760 -11.95182896 4.30185728
17.81433411 -0.98793814 -12.04708137 3.69085455
18.01987991 0.22347216 -12.15292969 2.93210249
17.90509796 0.01789124 -12.26011314 3.02806311
18.08508301 -0.07670827 -12.17069054 3.28972644
18.08033371 -0.31508197 -12.11936932 3.74784827
18.18817177 -0.68613511 -12.10905018 3.80859356
18.03724442 -0.96019738 -12.11388607 3.94600296
