8.17092228 0.18399148 -12.94786396 4.27954254
7.98500080 0.28301300 -12.86852493 3.89712782
8.19135361 -0.34830615 -12.97170544 5.10974074
8.13391495 0.20850709 -13.10060596 3.93179083
8.16989727 -0.03830003 -13.17698803 3.67852545
8.01644974 0.05118378 -13.00850277 2.69943008
8.19493332 -0.34990409 -13.07653236 4.09612388
8.26891575 -0.73575776 -13.06671238 4.63768311
8.50326443 -1.02736375 -13.05268345 3.88463240
8.20692978 0.16591746 -12.79648743 2.87357382
8.29468021 -0.08815069 -12.76457691 3.08387184
8.32568855 -0.32218821 -12.71174774 2.94501543
8.18534183 -0.36119299 -12.86447678 3.94876041
8.06818676 -0.72183368 -12.89276066 3.84166946
8.06627541 -1.09325547 -12.90801487 4.21050310
