27.31953659 0.19426025 -9.98758545 4.50418243
27.28457069 0.35294513 -10.15099697 3.94212179
27.31197510 -0.36441600 -10.00142708 4.86592255
27.44720306 0.20623519 -9.99311027 4.20086717
27.44577484 -0.06158128 -9.93233719 3.79117589
27.44940376 -0.30018163 -9.96345539 2.34511716
27.39586906 -0.36530496 -9.97528839 4.18049993
27.37664185 -0.72999321 -9.98516578 4.52014304
27.42933808 -1.06256735 -9.85786667 4.28777818
27.19515762 0.17736899 -9.98461132 3.10185652
27.18714256 -0.09657401 -9.97995453 3.09169717
27.13147850 -0.30738553 -10.04568386 3.44114313
27.20761375 -0.37287168 -10.00622692 4.08302365
27.24268532 -0.74829272 -9.98668632 4.13686719
27.29493637 -1.09953484 -9.96692257 3.68580952
