8.88873291 0.20888484 -12.91695118 4.49209213
8.79900646 0.39515910 -12.77308941 4.00367832
8.86118889 -0.35810953 -12.90632248 4.90961742
8.75995064 0.21716075 -13.02508640 3.88577795
8.73869419 -0.05560317 -13.10865974 3.62345386
8.67945099 -0.26465115 -13.02421188 3.50766754
8.78988457 -0.35553008 -12.99239731 4.05125237
8.74185085 -0.71915740 -12.99526691 4.47390985
8.81466103 -1.08836663 -13.02678204 4.15361452
9.02169418 0.20567855 -12.81319237 2.86266041
9.10229492 -0.06600738 -12.80711555 2.98385048
9.04662991 -0.28204337 -12.72487831 2.84483504
8.94025898 -0.36800173 -12.82464695 3.98254871
8.93877316 -0.73135841 -12.83612347 3.93993950
9.06234264 -1.08732283 -12.84749699 4.50937366
