28.78029442 0.10901863 -10.17281628 4.02313900
28.59667397 0.28897351 -10.17751122 3.57745075
28.81196785 -0.40704894 -10.19977283 4.80212307
28.68201637 0.12025478 -10.29920673 3.88282442
28.66864014 -0.15421100 -10.37306976 3.48940992
28.58780289 -0.35760510 -10.31749344 3.15801144
28.73988152 -0.40994802 -10.27957916 3.86612034
28.63904762 -0.78675568 -10.31723309 4.33812952
28.60101509 -1.13608801 -10.42923450 3.61475730
28.87748528 0.10262926 -10.04680252 3.06008697
28.89088058 -0.17247808 -10.01099396 2.99549627
28.74577713 -0.32907134 -9.94937897 2.91317606
28.89635086 -0.40893155 -10.13455772 3.94055820
28.98709106 -0.77643311 -10.04417706 3.38400698
29.12045288 -1.13509429 -10.04982376 4.08406210
