5.47340488 0.00168895 -9.29432163 3.94739060
5.54490089 0.22623777 -9.24225407 4.31849842
5.39339094 -0.52769815 -9.22333126 4.40655518
5.33266640 0.00867373 -9.26426677 3.62008390
5.20634136 -0.15275132 -9.09900475 2.94666558
5.39931421 -0.00100471 -9.01956520 2.46712990
5.29218206 -0.51370092 -9.19086170 3.44072566
5.20882626 -0.79219949 -8.93411579 3.74892812
5.01130428 -1.08918824 -8.99205609 3.18912277
5.61992617 -0.01233859 -9.31217346 3.05140991
5.85507422 -0.01405308 -9.29260749 3.06809130
5.97908917 0.15292233 -9.21317501 3.77262449
5.49877968 -0.53029154 -9.25402470 3.76360230
5.64827728 -0.78150979 -9.04456253 3.57037954
5.51414766 -1.02751100 -9.26759758 3.31220956
