25.11737175 0.18043407 -11.43208561 4.12794743
24.95373840 0.39183838 -11.39128227 4.32333679
25.12744255 -0.34029437 -11.43758660 4.82719211
25.13976517 0.20189832 -11.58759423 3.60472756
25.12960319 -0.04390703 -11.69720288 3.29233169
24.93273392 -0.15503865 -11.67901688 2.68458939
25.16033401 -0.33924559 -11.54064579 3.97640447
25.17575760 -0.72119877 -11.54885998 3.95178666
25.42997856 -0.95383599 -11.47540989 2.93158908
25.11734772 0.16672902 -11.27803516 2.74221029
25.17419777 -0.08739021 -11.21750221 2.99763360
25.17281036 -0.31745908 -11.16221790 2.50022698
25.09831771 -0.34646138 -11.33394623 3.92886553
24.97741471 -0.70910320 -11.36841774 3.46119013
24.97739334 -1.06344766 -11.40378971 3.46421985
