9.67613010 0.19007796 -7.18804531 3.92881508
9.58686848 0.37278437 -7.32712745 3.67764249
9.69257851 -0.34065495 -7.15559072 4.43753090
9.77603836 0.19703180 -7.30617113 3.52608791
9.72537308 -0.02795461 -7.43328915 3.16745353
9.49289818 -0.08116704 -7.48539229 1.81651278
9.73990364 -0.33836924 -7.25070782 3.62773638
9.61095448 -0.69482713 -7.25353193 3.99223819
9.59995365 -1.05075764 -7.16546955 3.52369847
9.57097359 0.18378190 -7.07331543 2.70825462
9.43841801 -0.03997409 -7.13802805 2.97695660
9.28611565 -0.18816060 -7.26949119 2.19947629
9.64627190 -0.33716117 -7.06082907 3.67449046
9.62037067 -0.70376508 -7.06645174 3.49689464
9.74368630 -1.03740842 -6.95164128 3.63473463
