27.63233108 0.17281741 -10.11988544 4.27438230
27.47343674 0.37332594 -10.13654976 3.98465953
27.72620697 -0.34031187 -10.12632485 5.05939627
27.59262696 0.17213198 -10.26315537 4.01836863
27.64672889 -0.07956920 -10.34916763 3.38505392
27.53631134 -0.29684491 -10.32151432 2.91647405
27.71326370 -0.33348110 -10.23761787 4.20618095
27.67367935 -0.70820519 -10.23329544 4.13866244
27.72171555 -1.07668615 -10.25260487 3.18599510
27.67561531 0.17594323 -9.97660732 3.03551354
27.74529076 -0.07203743 -9.90634098 3.25823083
27.70790215 -0.29712685 -9.86739330 2.59989533
27.73480949 -0.34110124 -10.01413327 4.11006279
27.73271370 -0.71792091 -9.90928268 4.17977338
27.84736405 -1.05704422 -9.87860889 3.86070528
