6.32166195 0.23926710 -12.17911053 3.75141649
6.24546661 0.41699490 -12.03587799 3.52890176
6.40168190 -0.29591946 -12.21096058 4.46429291
6.22870207 0.23893993 -12.30118752 3.27353754
6.27615595 0.02675518 -12.45975533 2.93183365
6.25547924 -0.20985049 -12.38577404 2.04007211
6.33160439 -0.29237335 -12.29504547 3.26008367
6.24369326 -0.66023539 -12.23011455 3.71799078
6.28722391 -0.99916337 -12.37083130 3.24970364
6.39166526 0.24050589 -12.03437500 2.53827047
6.42260656 0.11382856 -11.80010853 3.00170064
6.41476211 0.04388643 -11.55955562 2.54122076
6.48793154 -0.30063382 -12.14431706 3.79899802
6.44368544 -0.69088022 -12.21921444 3.02666874
6.45424003 -1.03673849 -12.36003075 3.50829553
