7.92635994 0.20112748 -13.02354851 4.38033905
7.89030667 0.41509940 -12.87595844 4.37282009
7.94342279 -0.33585748 -13.00348282 5.03648891
7.77961426 0.20475476 -13.10802269 3.64025002
7.70447464 -0.06032199 -13.14356537 3.57108135
7.70971594 -0.01278726 -12.93255043 3.31553984
7.84499226 -0.33614030 -13.07387161 4.08813095
7.77171803 -0.69839698 -13.07221832 4.46092796
7.78614788 -1.07430213 -13.17611199 4.12679863
8.06923256 0.20229915 -12.93652325 2.83971910
8.13586922 -0.06485506 -12.90318928 3.16111975
8.12042027 -0.25295905 -12.79141922 3.77157001
8.04889278 -0.34047571 -12.94797783 4.17622452
8.08816729 -0.69720082 -12.88246498 4.05720229
8.28851681 -1.00366990 -12.98054123 4.42820139
