14.62997704 0.08527035 -12.25503960 4.11449842
14.75157204 0.24384978 -12.16181603 4.05515933
14.48865375 -0.37172384 -12.22293625 4.95211468
14.59229794 0.10973151 -12.10689544 4.16158028
14.39767627 -0.03744075 -12.03793392 3.70188374
14.45579090 -0.25514314 -11.99837017 3.17953186
14.49324360 -0.37030297 -12.12257328 3.98286247
14.73582535 -0.66991225 -12.18328686 4.74539271
14.42747078 -0.82402098 -12.15289898 4.25082102
14.67277489 0.06786117 -12.39961033 3.05151176
14.70657501 -0.17239219 -12.47814999 3.12138310
14.86359329 -0.15444287 -12.29736252 3.53957052
14.47699032 -0.37592182 -12.32334957 4.04860401
14.41856499 -0.75875174 -12.32223148 4.07553539
14.15214958 -1.00438671 -12.21078797 4.31659498
