22.51770019 0.22090587 -3.38271856 3.84807534
22.37096061 0.42190935 -3.42142916 3.92401972
22.53803940 -0.29172688 -3.40598612 4.44907980
22.59193345 0.22956822 -3.52269563 3.63857813
22.73295288 0.01052661 -3.61161323 3.38203883
22.80957184 -0.21104761 -3.67619409 2.63034058
22.55397415 -0.28857664 -3.51068892 3.50358391
22.48759575 -0.66120757 -3.61281238 4.21728210
22.44129753 -1.05077226 -3.66388654 3.94072542
22.45185928 0.20376939 -3.23700972 2.90013322
22.43568649 -0.07229903 -3.16243906 3.15850382
22.39338684 -0.31866986 -3.15691214 3.51401372
22.52129593 -0.29175604 -3.30271220 3.69845033
22.51638413 -0.67298510 -3.28968525 3.56274671
22.58057709 -1.06892593 -3.27555060 3.89384308
