26.12584877 0.17109164 -8.27194996 4.48266525
26.18912620 0.38176417 -8.12638531 4.36283359
26.10466843 -0.33328246 -8.27328034 5.18752861
25.97223816 0.18074873 -8.23948612 4.13777600
25.93200760 -0.09938901 -8.22938805 3.97866526
25.97414742 -0.31703908 -8.12195893 3.38359003
26.00528908 -0.33175169 -8.22597465 4.13609657
26.07759857 -0.69148808 -8.13503170 4.72342758
26.07348061 -1.06756577 -8.11828575 4.43874206
26.27563171 0.15366308 -8.30483284 3.05905762
26.32411842 -0.12554556 -8.29834537 3.24689522
26.34100494 -0.35863885 -8.24311104 3.57814026
26.19758186 -0.33267446 -8.32582054 3.82899255
26.21518516 -0.71383551 -8.34970856 4.34010487
26.11612396 -1.05442610 -8.51769905 4.70864791
