11.99127369 0.20605303 -3.94563322 3.73997531
12.11603393 0.39259821 -4.04850922 3.91672993
11.96604119 -0.28253886 -3.94554491 4.57873344
12.00441818 0.20938097 -3.79156132 3.67676839
11.88188400 0.01917083 -3.66630406 3.30142627
12.04000702 -0.13382523 -3.72825012 2.58993483
11.98434486 -0.28416889 -3.84474459 3.79328165
12.17475872 -0.64892899 -3.89780984 4.28980636
12.18084488 -1.04511327 -3.87479367 4.02729559
11.96970921 0.20216255 -4.09854793 2.88509016
11.89117699 -0.02993328 -4.16774760 2.91933646
12.09924774 -0.09920655 -4.10388832 2.92606454
11.94608460 -0.28374279 -4.04719868 3.77489691
12.00399990 -0.66855974 -4.05934505 3.63720483
11.71904984 -0.93632331 -4.01493253 3.73402262
