18.02780877 0.19416591 -4.97355709 3.76155310
18.06078720 0.38705776 -5.10918331 4.12307339
18.11308861 -0.28035744 -5.00023327 4.73187332
18.09676094 0.18766129 -4.83799095 3.88940906
18.04270019 -0.03357054 -4.72337846 3.58356037
18.19528199 -0.12006318 -4.87167778 2.99457531
18.14475365 -0.27622751 -4.90317812 3.87463073
18.33000984 -0.61548127 -4.91647177 4.41088333
18.21143455 -0.95980413 -4.82866573 4.24802933
17.97196655 0.19028320 -5.11351585 2.86597858
17.86373100 -0.03472926 -5.15195246 3.17305345
18.05294609 -0.13850652 -5.19929705 3.20749407
18.07377167 -0.28359227 -5.09758530 3.89120770
18.18970452 -0.65847555 -5.06387377 3.77763357
18.10629577 -1.02774708 -4.99285812 4.10862131
