26.86549225 0.27029068 -8.65891361 4.63137875
26.75123825 0.45920588 -8.75707569 4.35706482
26.93701058 -0.24649683 -8.60548706 5.22365475
26.99084396 0.27663810 -8.74233551 4.18789959
27.07356872 0.00972950 -8.75151272 3.79102116
27.03376846 -0.22315230 -8.81202679 3.13962273
27.02515412 -0.24475136 -8.65510197 4.14844322
27.04030266 -0.62825234 -8.69212227 4.69880104
27.14171562 -0.99366319 -8.59650955 4.03400378
26.74451676 0.25390338 -8.56566505 3.22727042
26.70592422 -0.01524854 -8.49821091 3.18726287
26.65898781 -0.26278416 -8.51233444 3.64709944
26.84289131 -0.25439236 -8.55993423 4.08965073
26.74852867 -0.64402802 -8.60651970 4.09080715
26.81772690 -1.01698504 -8.53584041 4.79032564
