8.55082798 0.14425555 -2.51146269 3.86503172
8.73365402 0.34541667 -2.51459718 3.78755760
8.50989151 -0.37238500 -2.53267241 4.78323984
8.56661987 0.14589302 -2.35345793 3.70714998
8.55591202 -0.13297370 -2.25927258 3.58549857
8.64466763 -0.37673616 -2.23001528 3.15310192
8.48798561 -0.37679186 -2.42153525 3.95217323
8.48675251 -0.75978857 -2.41296268 4.23709011
8.30890369 -1.08933485 -2.37714124 3.81168318
8.53672981 0.14169206 -2.66648602 2.71184039
8.47123051 -0.12722825 -2.76265430 2.91004705
8.43738937 -0.36962736 -2.82394838 2.82477427
8.51502037 -0.37748981 -2.63864112 3.95376253
8.69610882 -0.72656345 -2.68159723 3.85749793
8.87366390 -1.06397116 -2.70655251 4.42793560
