15.28485165 0.22056261 -6.88264208 4.25100565
15.45907335 0.41603060 -6.92382722 4.24818253
15.25454035 -0.25684200 -6.89813652 4.73718228
15.33188534 0.22970664 -6.73609976 4.17100382
15.47342577 0.08953550 -6.64363289 5.66238406
15.50595350 0.31348412 -6.80701194 3.89383006
15.29046344 -0.26624683 -6.79761376 3.94167848
15.40859928 -0.65440345 -6.83127675 4.30420403
15.47968340 -1.01884581 -6.83626709 4.32151994
15.22124262 0.22175199 -7.03142309 3.04993649
15.24164963 -0.02319248 -7.13657670 3.15825820
15.38992138 -0.21877701 -7.17784367 3.71023043
15.21322193 -0.25402796 -6.99654808 3.95527024
15.15737419 -0.65973181 -6.99181247 3.58540840
15.03978529 -1.02353562 -6.93978490 4.11315485
