15.25234947 0.17330758 -8.99244633 4.18617840
15.08588562 0.39782376 -9.02403374 4.15936813
15.27262459 -0.29788366 -8.98887825 4.85493088
15.25734291 0.17151998 -9.14800053 3.86039924
15.32378693 -0.08082531 -9.22171192 3.63077035
15.39100609 -0.30574985 -9.25463505 3.71801271
15.25667534 -0.30402564 -9.09081669 3.90664864
15.12602520 -0.66242372 -9.03712845 4.58892041
15.14509544 -1.03500812 -9.01219597 4.67733174
15.24575462 0.16992285 -8.83327751 2.91115846
15.23495579 -0.08662473 -8.75587253 3.09402409
15.07946205 -0.27753506 -8.74262142 3.28596172
15.29004059 -0.29808464 -8.88770847 3.98682699
15.28713913 -0.67408482 -8.88953915 4.05307560
15.57631378 -0.89611062 -9.00719204 4.39835539
