20.84326516 0.15910142 -6.51649447 4.14236049
20.86637611 0.34811228 -6.66649628 3.88663616
20.90585594 -0.33000474 -6.57540827 4.75227671
20.98719978 0.17676117 -6.44864054 3.85724635
21.08586540 -0.07809658 -6.41047955 3.54520302
21.20798302 -0.29971319 -6.40716181 2.98897896
21.01235466 -0.33178619 -6.54547777 4.03814821
21.13009911 -0.66367930 -6.67735748 4.13762503
21.20924148 -1.04070793 -6.63682327 3.99642086
20.70624313 0.14756449 -6.59127102 2.85288019
20.67718086 -0.11928368 -6.63869515 3.10448127
20.70965348 -0.33422422 -6.74805823 3.37632370
20.80173263 -0.33432656 -6.61487169 3.93818851
20.81743622 -0.71037220 -6.68608094 3.97878656
20.71491356 -0.97889070 -6.41709080 3.98129625
