27.00553971 0.24320724 -8.71403675 4.03448486
27.11854668 0.48417369 -8.66582146 4.08301849
27.03328934 -0.28076229 -8.73625679 4.60161209
26.94300499 0.23340380 -8.55564537 3.57925558
26.90347900 -0.04712092 -8.51534214 3.57970276
26.96661682 -0.29597838 -8.51203976 2.90895863
26.98896026 -0.29066843 -8.62982502 3.56607738
27.10600700 -0.65311924 -8.60927716 3.66159854
27.00699005 -1.04498157 -8.56291237 3.12487936
27.06241875 0.23638392 -8.87719593 2.72646713
27.08559837 -0.04020417 -8.94181786 2.66071444
27.16333732 -0.28257954 -8.92800446 2.40058884
27.06189270 -0.27448382 -8.84628945 3.78950224
27.01842613 -0.66886471 -8.84049053 2.77679615
26.90776215 -1.06163051 -8.88313007 3.57388850
