20.65792008 0.23624798 -2.94269538 3.94800945
20.50997429 0.43963472 -2.98772678 3.87321224
20.70113487 -0.27372397 -2.97520470 4.54607077
20.70603600 0.23930263 -3.09343047 3.73811145
20.73934937 -0.02334002 -3.18857426 3.51385474
20.70284843 -0.26240046 -3.24454885 3.00424743
20.72515258 -0.26983914 -3.07576156 3.70561791
20.68225822 -0.63502220 -3.15417018 4.21970615
20.83022423 -1.01284746 -3.12345099 3.91360097
20.61120529 0.22803096 -2.79135389 2.83584389
20.58176651 -0.05067267 -2.76796441 3.06323404
20.48513642 -0.26852952 -2.84090815 3.42379999
20.68123856 -0.28320441 -2.87457495 3.75098534
20.59772988 -0.64956760 -2.88762322 3.80947523
20.65701561 -1.04224162 -2.86027541 4.19924822
