28.75863572 0.18375966 -8.80124989 3.86420707
28.87450409 0.41640554 -8.79351197 4.19689846
28.78204308 -0.30171230 -8.83961658 4.89816751
28.79154969 0.19199025 -8.64480667 3.57175703
28.80368881 -0.07731324 -8.61471328 3.60804916
28.92520676 -0.27615155 -8.62286491 3.46327090
28.78252296 -0.31061423 -8.72529354 3.83007298
28.87645531 -0.67652589 -8.76570854 4.08455877
28.82189178 -1.07618394 -8.76569862 4.24249911
28.73024597 0.17987008 -8.96065178 2.97929630
28.75955047 -0.09554328 -9.04269543 3.01299186
28.89157676 -0.30846709 -9.06832027 2.42742186
28.77026596 -0.29550650 -8.94803257 3.94267569
28.86662559 -0.65246077 -9.02403164 3.79442730
28.66299591 -0.99863601 -9.03483791 3.82967749
