20.97822723 0.22809704 -3.03191099 3.80597096
20.79931297 0.43911482 -3.03051396 3.98828316
20.96391296 -0.28324648 -3.02592716 4.72915812
20.95543671 0.22286494 -3.18831763 3.63067947
20.84208336 -0.02994738 -3.25637269 3.59765177
20.68799095 -0.23061096 -3.25497093 3.25422287
20.95470353 -0.28672802 -3.13068542 3.81596585
20.94415550 -0.66652144 -3.10678267 4.21121455
20.99520111 -1.05193967 -3.05668879 4.18811636
21.00555191 0.22807387 -2.87811713 2.75252829
21.03517837 -0.02196714 -2.75316505 3.08619881
21.00431061 -0.24886070 -2.64335046 3.34361119
20.96541290 -0.28528518 -2.91946907 3.76920757
20.79382363 -0.63735910 -2.89494710 3.71450067
20.94401016 -1.00274834 -2.89693112 4.07103634
