19.75116272 0.20532907 -7.16101866 4.04937725
19.83685761 0.43522603 -7.20599928 4.41711511
19.76803170 -0.29462087 -7.17408400 4.97809372
19.78801956 0.19946536 -7.00363140 4.04140616
19.82759857 -0.05829554 -6.93869658 3.61310883
19.96567269 -0.24395368 -6.98091536 3.40679292
19.77080803 -0.29659371 -7.06402511 4.01196375
19.78853340 -0.66608492 -7.05346117 4.50607910
19.49165077 -0.88968604 -7.10125942 4.34241109
19.72235717 0.20966561 -7.31978883 2.92673536
19.73539390 -0.05488396 -7.37630997 3.22825074
19.73868522 -0.29082109 -7.40166483 4.01678972
19.75834580 -0.29584146 -7.28224439 3.97741881
19.86036530 -0.66329599 -7.24723864 3.90048532
19.90216484 -1.02890803 -7.19926081 4.14777774
