10.89690285 0.18627771 -6.20012779 4.64995499
11.02214260 0.39239538 -6.20832548 4.08034563
10.88127728 -0.32011629 -6.20614271 5.45641346
10.91583862 0.18643358 -6.05079622 4.45960789
10.88126011 -0.07856625 -6.00174341 4.29342060
10.89915161 -0.30835768 -6.01006289 3.50966515
10.88885136 -0.32940600 -6.09746256 4.41993713
11.02637310 -0.68055908 -6.12068997 5.09821663
10.92194366 -1.05912325 -6.06647234 5.33091278
10.87835980 0.18955980 -6.34758758 3.29269758
10.86350574 -0.06978241 -6.42386322 3.36342817
10.96032467 -0.26993236 -6.43508721 3.48303623
10.87406082 -0.32098323 -6.31096821 4.10450573
10.87404366 -0.68792386 -6.29725237 4.22445002
10.78003082 -1.06843102 -6.21601820 4.84406938
