7.74866657 0.19886389 -5.33623133 3.78009681
7.69539547 0.38804259 -5.51973801 3.61408081
7.78110094 -0.31109759 -5.27604017 4.31019907
7.90687323 0.20723537 -5.37636280 3.42035675
7.96892300 -0.06909560 -5.39712315 3.20157065
7.95672102 -0.30879865 -5.47025099 2.83444576
7.88514156 -0.31275571 -5.31207228 3.46620054
7.80490990 -0.69277263 -5.39966335 3.66796775
7.83120041 -1.07352338 -5.33828955 3.07239752
7.59839859 0.17995703 -5.28366156 2.61595254
7.53777666 -0.09930377 -5.27547989 2.68928289
7.50397330 -0.34554615 -5.34704714 2.68385338
7.67726774 -0.30990014 -5.24190083 3.65532713
7.55087557 -0.67292508 -5.34123125 3.27214155
7.61990461 -1.02439556 -5.16857681 3.48635631
