22.80375518 0.20399210 -9.11779899 4.17714758
22.59869079 0.35460256 -9.22683200 3.73265633
22.85372582 -0.28564880 -9.07262993 4.76866684
22.91699753 0.20761041 -9.23660564 3.69325428
23.05963211 -0.02728010 -9.23531055 3.36780090
22.98586311 -0.24796893 -9.29907513 2.46540580
22.89704246 -0.29097486 -9.16859665 3.99658480
22.70507813 -0.65744509 -9.17133599 3.91369038
22.62386170 -1.03674285 -9.14869919 3.55780339
22.69703179 0.19445371 -8.99485703 2.80660124
22.62062187 -0.07922344 -8.98614521 2.99756699
22.51310882 -0.25558230 -9.13179607 2.97867651
22.81763572 -0.28651361 -8.97379895 3.86603312
22.85963478 -0.67377712 -8.96469727 3.55347767
23.14645004 -0.89736094 -8.84212952 3.41866517
