26.14983406 0.20374518 -8.06105022 4.99918279
26.21321106 0.39789317 -7.93121557 4.19344883
26.16356736 -0.30062876 -8.12985344 5.23344593
26.04459076 0.20341607 -7.96556435 4.45235586
26.07167664 -0.07992119 -7.97044640 4.46449128
26.10681725 -0.30035421 -7.94213886 4.03609376
26.06306114 -0.29873683 -8.07056484 4.05180111
26.12542000 -0.68399348 -8.04783497 4.69288168
26.08716049 -1.06089671 -8.12027855 4.70538072
26.27017822 0.20185996 -8.14513244 3.26198230
26.31529541 -0.06938774 -8.16567097 3.40931544
26.38663559 -0.30633520 -8.12723313 3.49413815
26.25622177 -0.29332885 -8.19762725 4.08459196
26.38789749 -0.65842224 -8.13111363 4.32143107
26.28470916 -1.00077633 -8.27125950 4.49597493
