18.11096344 0.19706743 -4.55549240 4.67135687
18.09493714 0.39429511 -4.69030676 3.92553439
18.09044800 -0.29304995 -4.53019609 5.04716806
18.25456276 0.19596064 -4.60095930 4.23191795
18.28150978 -0.06461477 -4.59112501 4.38866730
18.33206749 -0.29425487 -4.51101580 4.23843136
18.20160713 -0.29513677 -4.55340957 4.46557942
18.27588387 -0.65133412 -4.63044882 4.89089527
18.38012810 -1.03489084 -4.60164385 4.43865957
17.96178207 0.19880575 -4.53516473 2.96260619
17.88897247 -0.05972976 -4.56600294 3.26841059
17.94259682 -0.22440663 -4.74275980 3.63751507
17.97739067 -0.29564092 -4.50200119 4.07370863
17.85959282 -0.65827860 -4.50626335 4.05961389
17.75461350 -0.96759582 -4.32908068 4.69950886
