14.35909043 0.19693731 -7.43787899 3.94234710
14.45351715 0.43840800 -7.44570532 4.36215315
14.39312897 -0.30427619 -7.43996639 4.85852299
14.34380551 0.19650514 -7.27796059 3.95022183
14.32829514 -0.07207970 -7.21974793 3.59992724
14.34623832 -0.30228457 -7.17859869 3.14243922
14.38130646 -0.30872051 -7.33418064 3.83810921
14.54587745 -0.63694401 -7.29809971 4.33176747
14.42765789 -0.99191772 -7.30122452 4.49372043
14.37966423 0.19430030 -7.59827700 2.93901639
14.43729649 -0.06932633 -7.65676260 3.18763638
14.54177951 -0.27088245 -7.64864512 3.55959530
14.39338265 -0.30447102 -7.54461747 3.92487116
14.38153668 -0.67290797 -7.51895180 3.57502041
14.34058342 -1.05265133 -7.49897604 4.21326046
