21.91058846 0.18917603 -7.25013218 3.97698155
21.77593536 0.40505268 -7.15949135 4.22998963
21.94741974 -0.31591540 -7.26619549 4.60167217
21.85748787 0.19240066 -7.38890628 3.69856005
21.69953422 -0.02382393 -7.43535499 3.60036717
21.57846145 0.03567042 -7.24326372 3.33569646
21.93634338 -0.31018951 -7.37035503 3.83401613
21.99119568 -0.70091396 -7.37152348 4.06757965
22.33262673 -0.89898214 -7.40068503 3.53232627
21.96473236 0.17683040 -7.11092682 2.72715459
22.05276375 -0.07970960 -7.05977859 3.01449099
22.11751670 -0.31911083 -7.01157780 2.98662176
21.95647202 -0.32152006 -7.16087150 3.78121962
21.78285370 -0.67945054 -7.15352545 3.65450130
21.80586510 -1.06234355 -7.19697237 3.50556021
