14.25475425 0.19666929 -7.43440228 3.90158438
14.32717018 0.43665510 -7.44335585 4.37898226
14.31307907 -0.29917821 -7.45197811 4.91698246
14.25120907 0.20130623 -7.27551270 3.96132994
14.27051162 -0.06412263 -7.22247525 3.68980475
14.32966880 -0.29570556 -7.18600435 3.31682668
14.29953804 -0.30175835 -7.34411736 3.87745352
14.39039765 -0.64775796 -7.29338303 4.43798638
14.13587017 -0.92599505 -7.32498169 4.53736973
14.26312142 0.19533549 -7.59376478 2.96736617
14.31149731 -0.06863311 -7.65542193 3.20498705
14.40332927 -0.27751701 -7.67875452 3.61738548
14.31707344 -0.30247362 -7.55839157 3.95323277
14.34150181 -0.66457362 -7.52866974 3.72017870
14.33217392 -1.03101933 -7.50759802 4.12682476
