18.84000092 0.17978356 -9.87352753 4.16545515
18.74644012 0.39516689 -9.83241291 4.22140874
18.87247124 -0.30881689 -9.88343239 4.85834684
18.84276543 0.17243188 -10.02938004 3.82195663
18.91204338 -0.07453565 -10.11178627 3.49240365
18.89102097 -0.31647638 -10.16602096 3.03508620
18.84966049 -0.31179121 -9.98666859 3.81680317
18.68302498 -0.65466868 -9.97363453 4.12370615
18.64282341 -1.02170792 -9.96452465 4.27753067
18.84365692 0.18764347 -9.71400185 2.87691393
18.81233749 -0.06054159 -9.62497597 3.10839519
18.62301140 -0.07189688 -9.75875950 4.45102606
18.89598083 -0.30752227 -9.78167267 4.02894048
18.96395264 -0.68082297 -9.83112316 3.81790972
19.12893028 -1.02547979 -9.92280083 4.22063389
