5.27941523 0.14495630 -7.25433226 3.91019755
5.11206856 0.35191146 -7.16727228 3.53122835
5.30226860 -0.37908015 -7.29589834 4.54216528
5.20965710 0.13943407 -7.39811239 3.53688698
5.21473637 -0.13523770 -7.46431160 3.04922104
5.11406221 -0.35677794 -7.41782017 2.15771304
5.24365873 -0.37745143 -7.38494835 3.49523392
5.11888704 -0.71415372 -7.27994509 3.81261611
5.03012275 -1.09642956 -7.20327215 3.32986059
5.34902554 0.14068050 -7.10960465 2.88954458
5.35687246 -0.14554545 -7.08988714 2.90456409
5.27659130 -0.38785785 -7.06229010 2.97019696
5.37499657 -0.37732101 -7.21872997 3.74533959
5.41609583 -0.74865044 -7.26881227 3.03873392
5.59946260 -1.08198457 -7.39448423 3.70659590
