23.62693786 0.19449062 -2.84554386 4.25222053
23.49484100 0.38099165 -2.86925497 4.47479925
23.61783371 -0.29357083 -2.85424490 5.05316534
23.61756096 0.19844248 -2.99691110 4.03332320
23.52467461 -0.01022243 -3.13331284 4.10993452
23.40023269 0.13052889 -2.96347752 3.88614369
23.65263443 -0.29077918 -2.95002275 4.20267792
23.81797714 -0.66671357 -2.91932979 4.29896622
23.99726028 -1.00493776 -2.88061314 4.18343754
23.60976448 0.19271007 -2.70176053 3.01648307
23.64380036 -0.05819953 -2.63557439 3.34269118
23.63816338 -0.29609800 -2.61591287 3.89048357
23.58817672 -0.29971042 -2.75958305 3.95108252
23.42326012 -0.66463139 -2.77775254 3.84560194
23.38649788 -1.04658229 -2.77653384 4.62653609
