17.02188759 0.21864310 -7.01919622 4.18968573
17.22684059 0.43557295 -7.02669239 4.43988324
16.99378242 -0.27012137 -7.03479357 4.77833090
17.01182785 0.20836669 -6.86780920 3.99902086
16.94002800 -0.03725099 -6.78337117 3.53081660
16.94770432 -0.26536754 -6.75384398 3.57843704
17.01470947 -0.27774496 -6.92900152 3.82554841
17.18594627 -0.64069550 -6.93769607 4.32828464
17.25800285 -1.01074095 -6.91836138 4.10638952
17.01629067 0.22417721 -7.17405443 3.09667349
17.02768288 -0.00831682 -7.30514364 3.26552081
17.18257332 -0.15794173 -7.37412815 4.28995514
16.97311974 -0.27151856 -7.13976240 3.84578023
16.91286392 -0.66724390 -7.11471061 3.58151264
16.77963180 -1.03178699 -7.06916942 4.08877564
