21.65633202 0.23178926 -5.20594931 4.26814508
21.72686005 0.44419345 -5.11428356 4.00126219
21.66238785 -0.27551502 -5.19040298 4.53406191
21.49815750 0.20254073 -5.20124960 4.03399754
21.40764999 -0.04873469 -5.23412371 3.63116956
21.38520050 -0.28521821 -5.17679739 3.30237889
21.55716515 -0.27857116 -5.15903473 3.47793174
21.62028694 -0.66404504 -5.08495951 4.12355518
21.64431953 -1.05301893 -5.08113289 4.16078377
21.81018257 0.24681556 -5.25349379 2.85003686
21.93209076 0.11129621 -5.04334736 3.23321033
22.05632401 0.06979717 -4.81536818 2.62417603
21.76371002 -0.27551779 -5.23197460 3.98903942
21.83635521 -0.66145390 -5.15199327 3.82113862
21.75144386 -0.92282957 -5.44615221 3.92731214
