21.82558480 0.20880831 -7.23489132 3.99371734
21.67174415 0.42228620 -7.15540209 4.21136827
21.85263291 -0.29791416 -7.24968119 4.60994558
21.77388878 0.21362092 -7.37542648 3.68581724
21.60644607 0.00339399 -7.41948519 3.61709528
21.51380729 0.12779097 -7.22758398 3.44550152
21.83528595 -0.29218811 -7.35156870 3.81617374
21.81256676 -0.67504383 -7.35273399 4.07509127
22.13633538 -0.89021363 -7.37846117 3.50392770
21.87039719 0.19380091 -7.09585629 2.67120995
21.93320427 -0.06534259 -7.03753462 2.96264625
21.97683754 -0.30552043 -6.98401508 2.88925424
21.86889191 -0.30302555 -7.14628611 3.81174927
21.74270516 -0.66992222 -7.15080986 3.64736600
21.79185028 -1.04950078 -7.18715153 3.57169046
