23.46530457 0.23863510 -6.76690674 3.75076408
23.26410408 0.45379945 -6.74635105 3.80843554
23.46716232 -0.27660756 -6.77439318 4.39074478
23.46074371 0.23576161 -6.92140684 3.32096252
23.47425117 -0.03268555 -6.98403292 3.43535991
23.36598893 -0.26460062 -6.96763191 2.99709387
23.47107621 -0.27535321 -6.88122806 3.48189755
23.45262527 -0.64564700 -6.90891132 3.69359693
23.59280701 -1.00611105 -6.97300654 3.26898541
23.48115998 0.23746073 -6.61401586 2.55597763
23.48016319 -0.02881560 -6.55520859 2.92886648
23.33225097 -0.23297955 -6.56161728 2.96261539
23.46328735 -0.28026634 -6.66756335 3.67317342
23.37401123 -0.64638543 -6.65535230 3.38704453
23.43738289 -1.03589800 -6.64526033 3.66777892
