14.92349739 0.19112839 -4.87839794 4.26827927
14.94786835 0.38344341 -4.72688188 4.18586282
14.88240414 -0.30856539 -4.89895687 5.02443390
14.78256530 0.19952554 -4.79551029 3.91917992
14.71404610 -0.07476115 -4.76600475 3.61537915
14.73406181 -0.30636755 -4.68432636 3.20727534
14.78534947 -0.30832284 -4.84364796 3.96229562
14.72225819 -0.67224074 -4.81616154 4.33975696
14.54012260 -0.95711540 -4.97503891 4.19984703
15.06535835 0.18308939 -4.95435524 3.00506840
15.09654064 -0.09163175 -5.02072210 3.22109604
15.12660637 -0.33174513 -5.03198624 3.54821806
14.98321381 -0.31632424 -4.94310074 4.00495286
15.09053974 -0.67594311 -4.87399807 4.03959208
15.17255764 -1.05452528 -4.87569991 4.26738920
