28.85531439 0.16044555 -8.03924709 4.18679100
28.88754219 0.34989137 -7.95989896 4.16344841
28.89949699 -0.35279518 -8.06279080 5.13442929
28.77070849 0.16037298 -8.01980959 4.06407248
28.73953005 -0.11534469 -8.03489418 4.03144887
28.74049340 -0.34222840 -7.96724357 3.54634161
28.86021850 -0.36165419 -8.07807827 4.16664352
28.95511106 -0.72890823 -8.06870431 4.53128559
29.05603970 -1.10377767 -8.10261642 4.17699915
28.93948212 0.16491767 -8.05300206 3.05057596
29.00822993 -0.10945329 -8.05947695 3.19504449
29.04676964 -0.33123332 -7.99670085 3.35275940
28.94143555 -0.34980410 -8.05041406 3.95868547
28.90411428 -0.71961044 -7.98949307 4.02174941
28.95432967 -1.05743963 -8.08112043 4.30260055
