7.37623081 0.19528168 -3.58360300 3.76679983
7.33665027 0.42400305 -3.71603251 3.65098223
7.35596629 -0.31003952 -3.60585747 4.32917175
7.53816824 0.19009177 -3.55334282 3.26130190
7.57544565 -0.09400493 -3.56120362 3.22387748
7.58583126 -0.32252615 -3.66453671 2.53996176
7.46185770 -0.31371621 -3.59983588 3.57228069
7.45245953 -0.70291739 -3.69994903 3.95301123
7.43076820 -1.09179387 -3.69768572 3.42655792
7.21030016 0.20110321 -3.60547924 2.69816165
7.12895012 -0.07274218 -3.63680625 2.82231712
7.11464557 -0.30868463 -3.74215236 2.45480323
7.24344053 -0.30791011 -3.60703841 3.71323967
7.19580946 -0.69778979 -3.58493452 3.16407723
7.19308605 -1.05699701 -3.39293070 3.59223604
