9.82231140 0.16629336 -7.27321930 3.63310161
9.99751511 0.37051683 -7.29601068 3.94313845
9.78143520 -0.32353996 -7.26713505 4.47179928
9.83964844 0.17111599 -7.11593227 3.55817881
9.94936314 -0.07360075 -7.05707846 3.62794199
10.18103733 -0.17111303 -7.05807600 2.54956298
9.75464287 -0.32055873 -7.15904293 3.81336894
9.66190109 -0.69387184 -7.18971176 3.91515369
9.42425728 -1.00794128 -7.22033014 3.34080696
9.80075169 0.16011013 -7.43117361 2.64008508
9.69984226 -0.09436851 -7.47912855 2.95959535
9.60919418 -0.33366700 -7.51277418 2.45082102
9.80006962 -0.32512268 -7.37433452 3.65822034
9.98098450 -0.69155538 -7.34416981 3.46260280
10.11150303 -1.06296163 -7.31039553 3.79216376
