9.65842419 0.15891364 -2.81164884 4.54284096
9.84723358 0.36392872 -2.76560259 4.23415623
9.68753052 -0.33572706 -2.82308574 5.22557774
9.65943718 0.14522796 -2.66731219 4.35011979
9.62756500 -0.11892765 -2.58048243 3.94323244
9.62991047 -0.35569228 -2.55269384 3.68437204
9.68823509 -0.34358718 -2.72001295 4.17856016
9.78664837 -0.71468853 -2.74473582 4.64520798
9.74736939 -1.09274428 -2.75370397 4.59521456
9.65007038 0.17364152 -2.95194177 3.31990576
9.68945827 -0.08791392 -3.02884492 3.37155838
9.78530655 -0.24650380 -2.93777637 5.18637247
9.68016033 -0.33104941 -2.92368360 3.94788599
9.68802548 -0.70998423 -2.91493969 4.40719223
9.44067574 -0.96533978 -2.87962680 4.54193649
