28.83921351 0.15913126 -8.08001106 4.18796764
28.87365164 0.35114942 -8.01180874 4.16626147
28.88052164 -0.35344001 -8.10265408 5.13255160
28.76499693 0.15908131 -8.05243652 4.05479500
28.73222051 -0.11584005 -8.06460745 4.00594437
28.73119545 -0.34347174 -7.99960978 3.53101318
28.84691961 -0.36188226 -8.10967446 4.16339142
28.94606508 -0.72687340 -8.10252285 4.52917122
29.04277829 -1.10281593 -8.13413593 4.18297564
28.91305160 0.16367807 -8.10238293 3.05134398
28.98079205 -0.11058803 -8.11312709 3.19972999
29.02662318 -0.33080636 -8.05623082 3.33737847
28.91613810 -0.35067101 -8.09798834 3.96244104
28.87780612 -0.72024747 -8.04582275 4.02264868
28.91477326 -1.05946338 -8.13204537 4.31371348
