8.18006230 0.19231391 -2.46739650 3.85990620
8.38811493 0.40069652 -2.46285663 3.79637847
8.15459824 -0.32977209 -2.46794400 4.57700557
8.18415832 0.17994113 -2.31020360 3.81604357
8.18359699 -0.09639496 -2.23694902 3.70408421
8.28325271 -0.32393312 -2.21562925 3.06443691
8.15405616 -0.33780108 -2.36217389 3.74464526
8.27559719 -0.72512075 -2.38645868 4.37456789
8.24941731 -1.12710731 -2.37470364 4.06507540
8.15874481 0.18587441 -2.62794633 2.82332373
8.17406997 -0.09086270 -2.69598232 2.77434869
8.31720123 -0.28453707 -2.67913308 3.11137700
8.14061603 -0.32240580 -2.56915045 3.79300847
8.20979995 -0.70341732 -2.60063004 3.57097168
7.95397530 -0.98521518 -2.56675797 3.64877000
