17.53422546 0.20092052 -9.05182266 4.04213619
17.41670227 0.39309841 -9.04661846 4.16699266
17.59399605 -0.27955148 -9.06599331 4.72091436
17.53509712 0.20652652 -9.20133781 3.69155931
17.52421188 -0.04676519 -9.25890636 3.57852459
17.40047836 -0.25761816 -9.22681522 3.25749612
17.59124565 -0.28297248 -9.17057991 3.60259151
17.46751595 -0.64669394 -9.19085693 4.03517199
17.42794800 -1.01890826 -9.21532345 4.05168056
17.52951813 0.20226282 -8.89923573 2.82513952
17.49535179 -0.05617480 -8.85624409 3.07743168
17.39516068 -0.27662718 -8.90935993 3.24861813
17.60555458 -0.27901787 -8.96278191 3.87161922
17.61857605 -0.66268009 -8.96107197 3.57800078
17.75146484 -1.02168465 -8.95055676 4.07417393
