22.98620948 0.18037952 -7.37752781 3.88760162
22.82004891 0.38648911 -7.32286529 4.03243704
23.04048958 -0.30608422 -7.37159701 4.38498650
22.98610344 0.17146936 -7.53014612 3.47550492
23.07639885 -0.07447501 -7.59928685 3.34086070
23.15804367 -0.30957164 -7.65882549 2.13949027
23.01631508 -0.30824455 -7.47177830 3.40267014
22.83031654 -0.67706857 -7.44899387 3.78545633
22.69964676 -1.04185426 -7.43678665 3.71239409
22.98648376 0.19181877 -7.22543345 2.65873566
22.95603142 -0.06227779 -7.13770342 2.92594023
22.78794098 -0.24906712 -7.11756335 2.93071628
23.06252022 -0.30330907 -7.27018766 3.83969602
23.18024864 -0.68585024 -7.29327574 3.22186327
23.42447281 -0.99399550 -7.37834864 3.55016914
