13.31084347 0.18159351 -7.05563116 3.68646026
13.41920185 0.39076319 -7.13302326 3.89181185
13.34541130 -0.32370400 -7.07346201 4.54794025
13.35638905 0.18566275 -6.90541363 3.53086090
13.39618301 -0.07916562 -6.83601952 3.49487543
13.52140808 -0.28537607 -6.87061405 2.92251682
13.34901428 -0.32325011 -6.96474981 3.67470098
13.38434982 -0.68572092 -6.96217489 4.27788353
13.11718655 -0.93970770 -6.85447979 3.88253903
13.26205158 0.17579265 -7.20902967 2.81184220
13.24646950 -0.10035571 -7.27164888 3.04101229
13.28158665 -0.34250435 -7.33386135 3.12796187
13.32949257 -0.32629436 -7.18210125 3.70724511
13.46724415 -0.68011487 -7.22734880 3.27612686
13.52345181 -1.06353152 -7.25854826 3.90989923
