22.08760834 0.23112255 -3.62421894 3.89274645
21.91369629 0.43757090 -3.63423491 3.99444318
22.06449890 -0.28207803 -3.67182088 4.46035290
22.10094643 0.24823999 -3.77845597 3.73108244
21.91562271 0.09122051 -3.90523005 3.78718925
21.76234245 0.24765007 -3.77550387 3.96155977
22.08946419 -0.27209798 -3.77079725 3.80138946
22.15492249 -0.67206484 -3.78479886 4.15868902
22.35799217 -0.99656373 -3.73005509 3.62730837
22.05298042 0.20165652 -3.47786927 2.73046303
22.02810669 -0.06752785 -3.41784382 3.27474856
22.00064468 -0.31442651 -3.37470388 3.90935612
22.04084015 -0.28625211 -3.57049918 3.62711096
21.93129921 -0.67335957 -3.59299064 3.50466776
21.94062042 -1.07194221 -3.61668324 4.17521048
