19.67910919 0.23086999 -8.80129433 4.03248482
19.78020324 0.44069291 -8.71682663 4.05210286
19.67654152 -0.27176932 -8.80191479 4.62191029
19.58942299 0.22954717 -8.66986561 3.77707319
19.50476265 -0.03769409 -8.65614509 3.35250950
19.50162391 -0.27742851 -8.62140141 2.92098799
19.63033600 -0.26945576 -8.70601654 3.56693978
19.73639145 -0.61552732 -8.62946816 4.01588459
19.58739891 -0.96139242 -8.73786144 3.97996683
19.76481590 0.22280773 -8.93202992 2.87227545
19.81740036 -0.04385501 -8.98224029 3.00262370
19.88652382 -0.27281067 -8.96756706 3.06940713
19.71888275 -0.27514504 -8.89896106 3.85328808
19.72777939 -0.65102896 -8.89987354 3.63852863
19.65309525 -1.02771549 -8.95208015 3.92816582
