11.28555870 0.23100390 -3.90040684 3.86852050
11.41481495 0.42112184 -3.98364210 3.95597363
11.23302364 -0.25511470 -3.91269684 4.49008179
11.35012054 0.22402063 -3.76243734 3.75074673
11.31432819 -0.00308413 -3.65617085 3.32601595
11.41144753 -0.11001840 -3.83756542 2.37807465
11.24603558 -0.25334632 -3.80899215 3.78577685
11.24549961 -0.65138435 -3.82434392 3.92522669
11.03928185 -1.00636542 -3.78533244 3.48448133
11.21061897 0.24540041 -4.03008032 2.82750463
11.05344296 0.04519589 -4.07855415 3.00879288
11.19347000 -0.14188945 -4.11159039 2.64399290
11.20817471 -0.25910568 -4.01308489 3.72076678
11.32852650 -0.64413625 -4.00754309 3.56329155
11.33676052 -1.05328739 -4.00170088 3.79303050
