7.88014030 0.20275910 -4.72592735 3.62188039
7.84895029 0.41053720 -4.89974089 3.67432499
7.88777456 -0.31765429 -4.70963936 4.33733025
8.04878826 0.20498384 -4.70875626 3.22575064
8.09435959 -0.07137918 -4.72027988 3.08894925
8.09653893 -0.30082806 -4.80694237 2.37048616
8.00106392 -0.31804868 -4.69555073 3.28782582
8.01821137 -0.69740292 -4.78284483 3.88638534
8.04689865 -1.08538761 -4.68627052 3.36501398
7.71260376 0.19793886 -4.73361129 2.53042068
7.64017001 -0.08237396 -4.74682465 2.65924335
7.62402659 -0.31510887 -4.85631094 2.73342533
7.77346039 -0.31889894 -4.71620655 3.71928820
7.73272018 -0.70459203 -4.76806021 3.27711744
7.73913336 -1.10923569 -4.70901308 3.74311295
