26.39953956 0.20757547 -6.52312250 4.26030112
26.25027008 0.40500361 -6.44179916 3.80982933
26.43324471 -0.27705218 -6.58217926 4.64603195
26.26147766 0.20825943 -6.58319645 3.81234470
26.21117706 -0.03534254 -6.69526873 3.32806468
26.21230049 -0.19237819 -6.52074222 2.44168052
26.33670464 -0.27239347 -6.62992582 3.67652197
26.18845825 -0.61154174 -6.54286557 3.82587757
26.31444130 -0.96102196 -6.69525328 3.07413096
26.54663620 0.20543628 -6.47690601 3.02845769
26.67810745 -0.01688014 -6.57204084 2.78279743
26.69025307 -0.12786756 -6.36239252 2.46850529
26.53314133 -0.28574106 -6.54532137 3.90596218
26.46896401 -0.65819264 -6.41531897 3.45774441
26.54223175 -1.06403594 -6.46353779 3.50508289
