19.60127640 0.18494709 -7.15900135 3.93380070
19.71036720 0.41155070 -7.19338131 4.24936819
19.59108353 -0.30811363 -7.17360353 4.88761902
19.60968399 0.17753942 -7.00763607 4.05507088
19.64381599 -0.07349934 -6.94596910 3.66080785
19.82608414 -0.19717281 -7.04254675 3.79272079
19.56785774 -0.30730778 -7.06788254 3.82661581
19.47551918 -0.67277491 -7.08088112 4.16889143
19.27492714 -0.98864067 -7.10281038 4.56930542
19.59267044 0.19317167 -7.31207085 2.85234833
19.52557564 -0.05849227 -7.36504030 3.20831299
19.47343063 -0.29171965 -7.39402246 3.66203237
19.60479546 -0.31081825 -7.27857590 3.97044468
19.74533272 -0.66372633 -7.24270201 3.96077251
19.83096313 -1.03334033 -7.22985983 4.30069399
