14.66974106 0.21496662 -7.46844349 3.75131607
14.80841503 0.41000742 -7.58095293 3.98324595
14.68725014 -0.30463513 -7.44965954 4.63822489
14.69298935 0.22065940 -7.31017418 3.60913152
14.64844589 -0.04180797 -7.23439407 3.39137183
14.68141632 -0.27757075 -7.22645683 2.85256772
14.68213692 -0.30392715 -7.34601689 3.64698754
14.77869282 -0.65683672 -7.30027427 4.03561039
14.71835728 -1.01800902 -7.27014780 4.09258661
14.66261844 0.20365444 -7.62880516 2.83109922
14.65830021 -0.07478628 -7.69491987 3.04442330
14.69887562 -0.31794417 -7.71742096 3.27041836
14.67923470 -0.30911662 -7.55871601 3.87872200
14.71420269 -0.67098780 -7.56091804 3.37886844
14.68049927 -1.04273310 -7.55599814 3.82526427
