26.30308685 0.23624367 -8.71339093 4.19272957
26.11659584 0.41992203 -8.72604218 3.90438862
26.30921707 -0.28045066 -8.72475014 4.66649465
26.36883774 0.23941021 -8.84987259 3.66139727
26.41068001 -0.01879190 -8.92925358 3.54175491
26.26782455 -0.22424014 -8.97343845 2.99191293
26.34150353 -0.27344036 -8.80864982 3.94913883
26.26639595 -0.62757213 -8.90421066 4.06393814
26.45722809 -0.96261214 -8.92461663 3.29073257
26.22964287 0.23677436 -8.58513889 2.76478968
26.21180000 -0.03393290 -8.54868565 2.96455174
26.12641334 -0.27841285 -8.57298317 3.49125065
26.26999245 -0.28488444 -8.63641663 3.86347466
26.22052879 -0.65823641 -8.66532555 3.32694192
26.27397843 -1.04286554 -8.68716716 3.51794482
