28.65614891 0.20843561 -7.75725222 4.59667492
28.76068115 0.50646460 -7.65475750 3.93775272
28.69633102 -0.29336420 -7.77320147 5.20765781
28.63803864 0.20396937 -7.59660912 4.23184299
28.69800758 -0.03475950 -7.50388861 3.58666134
28.91026878 0.06420428 -7.56086874 3.85672212
28.65946579 -0.29709101 -7.66872406 4.15174198
28.71883965 -0.68395221 -7.71226501 4.58510017
28.54126549 -1.01705074 -7.84476757 3.62577057
28.68412018 0.21887980 -7.91814709 3.12088895
28.66537476 -0.00690686 -8.06282711 3.40153909
28.81893158 0.06891847 -8.09840298 4.50677109
28.72569656 -0.28671515 -7.87989807 3.98017335
28.94344330 -0.59626192 -7.78045130 4.18566608
28.88580132 -1.00785136 -7.74597883 4.15030718
