21.13885307 0.23385857 -6.86808014 4.15109921
21.21767616 0.42555526 -6.72134781 4.07344675
21.10882568 -0.25886133 -6.88622236 4.60407162
20.98797226 0.23592216 -6.82945013 3.96262836
20.85180855 0.04458382 -6.97092199 3.93958259
20.76147079 -0.09428066 -6.84957075 4.43816710
21.01473045 -0.25336215 -6.83650351 3.87755418
21.09537315 -0.64750707 -6.76333094 4.34387302
20.98941994 -0.89962524 -7.02809429 3.63842344
21.27895927 0.22172232 -6.92249298 2.68651843
21.34436226 -0.04347024 -6.97023630 2.96026278
21.40401459 -0.28778750 -6.94614220 2.92932558
21.20136452 -0.26729611 -6.94638157 3.79012299
21.23529816 -0.65301919 -6.86080790 3.50210595
21.22041321 -1.04377389 -6.89646482 3.84607458
