6.85958996 0.16022107 -5.78219766 3.71287842
7.01617890 0.35080167 -5.79813928 3.81049690
6.79912367 -0.34803126 -5.77897720 4.52866507
6.87511473 0.17038463 -5.61965704 3.67299327
6.91042061 -0.09694131 -5.52407417 3.68638348
6.98327942 -0.33018704 -5.44996643 2.68439980
6.76454162 -0.34168937 -5.66765041 3.77152896
6.68228627 -0.70773680 -5.68535566 3.87247143
6.38523521 -0.99283990 -5.70425510 3.22640815
6.84159575 0.14865080 -5.94721203 2.55658655
6.75300980 -0.10928742 -6.04701061 2.91770606
6.69989709 -0.34614274 -6.13046264 2.66660929
6.82013902 -0.35152823 -5.89140024 3.76722498
6.99930449 -0.70080205 -5.81502924 3.41977267
7.04542847 -1.10150683 -5.76591139 3.50388165
