11.24113350 0.17856928 -3.80480108 3.99796753
11.21755829 0.36753991 -3.61618624 3.87762280
11.30310859 -0.30687087 -3.81843849 4.86524544
11.09233971 0.15769748 -3.85941029 3.59425707
11.03570881 -0.11933619 -3.90671825 3.54728575
11.01669808 -0.35253616 -3.78007665 3.24463864
11.19960976 -0.31338244 -3.85116368 3.74888038
11.07452736 -0.66776550 -3.74699135 4.23169336
11.10207481 -1.04972920 -3.82259159 4.03209686
11.38630123 0.18174599 -3.74373169 2.81749401
11.40348015 -0.09073453 -3.70682874 3.01725612
11.33124237 -0.31394651 -3.61276202 2.70827365
11.40184346 -0.30694650 -3.77372537 3.75262608
11.40410461 -0.68622926 -3.70829749 3.78618426
11.60534000 -0.97494920 -3.88855462 4.12394133
