26.21519470 0.22608331 -8.13686275 4.33352299
26.05676499 0.43264314 -8.09294243 4.27080231
26.29132805 -0.27067793 -8.13118382 4.84462433
26.23543319 0.23257028 -8.28806858 3.85373979
26.32354126 -0.01583791 -8.33725242 3.70298719
26.33317871 -0.25789275 -8.33949089 3.23823571
26.27631187 -0.27725789 -8.23935089 3.91625366
26.10046997 -0.64474222 -8.21305027 4.18514375
25.97369156 -1.00590206 -8.18267365 3.50286875
26.19502831 0.22582465 -7.98562336 3.07735982
26.20202217 -0.03305289 -7.92958155 3.07224345
26.08373336 -0.23805708 -8.01091147 3.23244500
26.29572029 -0.26887620 -8.02068157 4.00210781
26.30044937 -0.66095766 -8.04985695 3.36250234
26.46936073 -1.00535398 -8.08423157 4.24403401
