22.33076515 0.21437164 -7.32624493 3.92619948
22.17681160 0.42576702 -7.25573187 3.96878028
22.38136253 -0.27856392 -7.33417587 4.51667338
22.29512749 0.21473528 -7.47892637 3.70548544
22.26281929 -0.04288143 -7.56087246 3.53600264
22.14045295 -0.25738500 -7.54502306 2.93226714
22.38126221 -0.27859343 -7.43917523 3.72571745
22.47070351 -0.66498940 -7.44422979 3.85431938
22.62524224 -1.02415995 -7.41606798 3.49164739
22.37354164 0.21529054 -7.17325421 2.61460009
22.42319756 -0.05140738 -7.11747503 2.86814713
22.41784401 -0.29519395 -7.08705559 2.87621741
22.38196907 -0.28547744 -7.22915726 3.64074407
22.21696625 -0.65207135 -7.20035686 3.46737318
22.17865944 -1.04303725 -7.20643006 3.72865457
