21.81214256 0.20523617 -4.77404290 4.07499800
21.89674911 0.39123711 -4.66935196 4.02166510
21.79100762 -0.28790543 -4.75503159 4.69900446
21.66509476 0.20285645 -4.71534920 3.90967302
21.64946327 -0.04381201 -4.59873733 3.75921474
21.70621948 -0.17904476 -4.40162172 3.28785577
21.68377686 -0.28756273 -4.73712960 3.72037468
21.68880310 -0.68597363 -4.80620727 4.36023311
21.64781570 -1.01297581 -5.02982397 3.81855870
21.95293160 0.19692730 -4.83808174 2.79007607
22.08114052 -0.04814365 -4.76368494 3.15921259
22.18836060 -0.22069852 -4.60714951 3.22211771
21.89586182 -0.28955726 -4.78525095 3.99633603
21.95079994 -0.65294661 -4.63098946 3.69248782
21.93246536 -1.03719754 -4.53253898 3.84560289
