26.87252426 0.20798381 -9.03476620 4.26859093
26.87436295 0.34514302 -8.84046078 3.96854568
26.91870308 -0.32266366 -9.06213284 4.78469276
26.76795578 0.21651286 -8.91615868 3.79364109
26.66403198 -0.02349445 -8.92974663 3.50328326
26.84977341 -0.00941002 -8.87553310 2.57371593
26.84331703 -0.32775050 -8.98218346 3.71123505
26.90075684 -0.72014141 -8.95669174 4.18185377
26.62591743 -0.91698819 -9.12352276 2.93991852
26.96352768 0.20759059 -9.16960144 2.72602057
26.92675781 0.02204761 -9.35096169 2.76324940
27.07844734 -0.08676291 -9.22640133 2.92769575
26.98598480 -0.32257250 -9.15019417 3.94215560
27.13738632 -0.67011172 -9.04578209 3.46908450
27.20687866 -1.03031409 -8.95413589 3.35174513
