30.30225754 0.10046693 -9.19347286 4.78767347
30.37402916 0.27465716 -8.99774361 3.30280781
30.28886032 -0.39562747 -9.24479294 5.36374283
30.17335129 0.11770540 -9.09864521 4.00117588
30.19707870 0.06007453 -8.81404400 4.28190041
30.36148071 0.14777529 -8.87691116 3.65204310
30.18829727 -0.40547994 -9.20293808 4.25194359
30.24070930 -0.80247694 -9.11002636 5.16838884
29.96207428 -0.98606271 -9.21671867 4.44348288
30.42870140 0.10863917 -9.24595547 3.51938963
30.63724518 0.06277633 -9.04165459 3.40156531
30.69021034 0.21513635 -8.92574883 3.20694780
30.38676453 -0.38784441 -9.30184555 4.03512430
30.51230621 -0.76140612 -9.10563374 4.93838215
30.05461502 -0.66732818 -9.34755135 5.81983376
