29.37100029 0.15087371 -9.20604229 3.88385916
29.46837997 0.34375179 -9.04926395 3.82185102
29.39042091 -0.39357495 -9.21902561 4.65912342
29.24116516 0.16897111 -9.11610126 3.59667492
29.15522766 -0.07981724 -9.12799263 3.31536555
29.28029442 -0.21571685 -8.99392319 2.75718546
29.28671455 -0.39096010 -9.16346550 3.84530640
29.24513054 -0.74327904 -9.09909248 3.88784742
29.04820633 -1.05377948 -9.17659569 3.90674543
29.50048447 0.13642180 -9.29510403 2.63788438
29.54809380 -0.12847501 -9.36673355 2.82856941
29.70466614 -0.32526565 -9.36586189 3.09831214
29.50022125 -0.38928494 -9.27402020 3.86808538
29.58315659 -0.74219412 -9.23972893 3.48897600
29.60597801 -1.10326552 -9.30434608 3.81911731
