9.57653522 0.18515942 -7.46368361 3.33600235
9.78489399 0.34925386 -7.42212439 3.76050663
9.54268360 -0.34056506 -7.51332474 4.22352457
9.57406998 0.17682348 -7.29834747 3.17052102
9.60002327 -0.08457375 -7.20306635 3.15634537
9.76232910 -0.27520424 -7.17224455 2.68510365
9.52044868 -0.34545043 -7.40386438 3.51900816
9.48849106 -0.72812188 -7.40560198 3.57080412
9.35666084 -1.06735909 -7.43882275 3.21360016
9.57238388 0.20327768 -7.63044167 2.54590631
9.50961590 -0.02550491 -7.76891232 2.67394400
9.53876495 -0.20565113 -7.93275452 2.35766697
9.56507778 -0.33453029 -7.62184286 3.70650482
9.74667168 -0.68624669 -7.57586336 3.54049540
9.68526554 -1.03877687 -7.54390526 3.65386534
