29.89811357 0.17734241 -8.57715019 5.67481112
29.55885060 0.37036937 -8.25015672 4.01921098
29.91867669 -0.39654680 -8.45080614 5.67482599
29.92179044 0.17537153 -8.67234850 4.64862291
29.88306776 -0.08901642 -8.48821243 4.41398493
29.65024630 -0.13456686 -8.47272730 4.04695503
29.85286459 -0.40029534 -8.43848578 4.55364910
29.80862395 -0.81272075 -8.43948348 5.49641116
29.83496316 -1.19407636 -8.34607013 4.10093796
29.89045620 0.19029411 -8.50775560 4.82690199
29.86350982 -0.07298861 -8.46327321 4.10551516
29.76985169 -0.15025792 -8.62753550 3.67722631
29.97329902 -0.39614163 -8.45962127 4.85532324
29.89487680 -0.79978769 -8.43323390 4.51632066
30.15963776 -1.04168643 -8.50771459 4.76426760
