13.88839626 0.19371647 -11.70988464 4.41988516
13.88079739 0.36631435 -11.57662296 3.84207916
13.92424774 -0.33326915 -11.79147911 4.69339085
13.74146080 0.20818181 -11.74476242 3.71186256
13.61369419 0.04751492 -11.52509785 3.62595105
13.66010380 0.10415503 -11.30254841 3.01859236
13.81747627 -0.32946700 -11.81991863 3.87973595
13.80411625 -0.70383865 -11.70752907 4.23746300
13.89028358 -1.06999028 -11.75676250 3.91513920
14.02649117 0.19139063 -11.66181374 2.89058685
14.08046818 -0.00068352 -11.47496605 3.37868357
14.05465508 0.05267285 -11.25272846 3.93591928
14.03041363 -0.33403459 -11.76200962 3.95350981
14.13085938 -0.67469239 -11.64738083 4.01689911
14.30763054 -0.97887689 -11.66367626 3.90172815
