18.34458351 0.18225300 -12.54846382 3.98208570
18.41314507 0.36175755 -12.37516880 3.82413793
18.30251503 -0.33717588 -12.61404705 4.69619036
18.22801590 0.19104972 -12.44155121 3.69135737
18.04776382 0.00310901 -12.47487450 3.52688718
18.22210312 -0.14058444 -12.42071629 2.58005762
18.21379852 -0.34202003 -12.54930592 3.98522615
18.15904617 -0.71944821 -12.63248920 4.66739464
18.00884247 -0.97431368 -12.81568909 3.98819709
18.46180153 0.17256023 -12.64914417 3.00652719
18.44941330 -0.03980561 -12.80650520 3.12619019
18.56547737 -0.21953125 -12.72118378 3.18472457
18.39223099 -0.33639637 -12.68330383 4.02946472
18.46769905 -0.70299137 -12.62251377 3.72629595
18.47481918 -1.05901706 -12.60382938 3.99412394
