9.32885075 0.18839087 -8.73590279 3.66374993
9.20409203 0.40556851 -8.74003410 3.71066284
9.25440788 -0.34946468 -8.75477600 4.39616442
9.36567497 0.19809884 -8.89148521 3.34461093
9.37772369 -0.04996627 -8.96156979 3.14795208
9.16321182 -0.04854083 -8.92961216 2.61154699
9.28545475 -0.34759697 -8.85787582 3.53075075
9.21326160 -0.71257079 -8.90494251 3.93418574
9.41527843 -0.96717072 -8.74571419 3.06082034
9.28248024 0.17831878 -8.58280849 2.74366188
9.28490448 -0.04514121 -8.46432877 2.80859971
9.14984894 -0.22963160 -8.42824268 2.15769768
9.22146893 -0.35298443 -8.65036869 3.67441106
9.12737274 -0.71762556 -8.72212505 3.25435996
9.24038124 -1.08212996 -8.69223690 3.48934627
