28.34257698 0.15789093 -10.68126678 4.37938786
28.08163834 0.31408390 -10.66738319 4.01214790
28.44982147 -0.39435983 -10.65884209 5.20833778
28.34889793 0.15731581 -10.83544445 3.90456057
28.38670349 -0.11473978 -10.88206387 3.88031626
28.23809052 -0.30615577 -10.92520618 2.76984167
28.46001816 -0.39731699 -10.77333164 4.16693735
28.47274971 -0.78364319 -10.71307182 4.55158329
28.63501740 -1.11795974 -10.75941944 4.10158396
28.36708450 0.15534694 -10.53183937 2.94307089
28.45262909 -0.10467244 -10.47041035 3.23563170
28.37552452 -0.31760180 -10.39917469 3.02399850
28.45195580 -0.39660367 -10.54653072 3.90010071
28.30132294 -0.77553606 -10.53831482 4.25077057
28.19325638 -1.08347034 -10.56743622 4.20112371
