15.96027470 0.21388464 -7.79032516 4.14703226
16.16137886 0.39233506 -7.86228895 3.69142890
15.93988895 -0.30260855 -7.79029608 4.87188292
16.00088692 0.22282805 -7.63722467 3.95079637
15.97215557 -0.03757344 -7.56672907 3.48556471
16.09774399 -0.22465247 -7.63389730 3.68665099
15.98306274 -0.31046259 -7.68642712 3.87873459
16.13070107 -0.65904641 -7.79662085 4.29819155
16.23928642 -1.01448607 -7.88039160 4.51909685
15.93591213 0.20482472 -7.94469261 2.87931776
15.88762856 -0.04902532 -8.02216721 3.06756830
15.94378281 -0.27889004 -8.05273056 2.92353010
15.87567234 -0.30165291 -7.88099098 4.07073832
15.80893707 -0.68195647 -7.84418964 3.47685003
15.70218849 -1.04253423 -7.76956606 4.18888664
