11.30614662 0.19422042 -5.75363684 4.16933012
11.24365711 0.42220277 -5.87755728 4.46851873
11.27119350 -0.29494795 -5.73197365 5.04263020
11.36489773 0.18702242 -5.90640450 3.82251501
11.45163918 -0.04833066 -5.96691942 3.74206591
11.38132095 -0.27087381 -5.98724174 3.14725685
11.32030010 -0.30289084 -5.83524036 4.07687807
11.27832317 -0.69436091 -5.77579498 4.28310776
11.37267017 -1.07661879 -5.73159456 4.44128323
11.24598217 0.19647522 -5.60643578 2.99124789
11.18523884 -0.03640658 -5.51602030 2.99697065
11.05182457 -0.21236190 -5.59748268 3.25986528
11.21755409 -0.30087849 -5.63008118 3.86140490
11.09454155 -0.67527622 -5.60524416 3.94638991
11.15737724 -1.05190635 -5.53774166 4.35940409
