17.45557976 0.19661209 -3.01580048 4.54645109
17.32932472 0.38826510 -3.13472533 4.24668741
17.41223526 -0.29198641 -2.96918082 5.13195324
17.49911118 0.18466312 -3.16096330 4.17309809
17.54827881 -0.07445183 -3.19726968 3.97424221
17.45724678 -0.29604959 -3.19487238 3.98779464
17.43275452 -0.30961040 -3.07107353 4.09979153
17.32111549 -0.68251228 -3.11938500 5.08608246
17.35061646 -1.05571210 -3.14423275 5.45046520
17.41141510 0.21048811 -2.87181878 3.44365454
17.37561035 -0.04447620 -2.80366206 3.71595669
17.29873657 -0.27226141 -2.84054208 4.26145887
17.40779495 -0.28850767 -2.86366534 4.13519478
17.45560074 -0.67272347 -2.84684014 4.39621544
17.70229721 -0.96263105 -2.79421854 5.09535122
