27.89436340 0.22575976 -4.25446129 3.98696017
27.86365318 0.40479735 -4.40148449 3.71464157
27.92117310 -0.29922935 -4.24668646 4.50704670
28.03302002 0.23642594 -4.34838533 3.37210560
28.01233864 -0.01928604 -4.47921038 3.25371885
27.87996292 -0.21205133 -4.52774668 2.86316657
28.01287079 -0.29059884 -4.30348444 3.74047256
28.06844711 -0.68146592 -4.24773932 4.00877094
28.11233902 -1.02331316 -4.01410437 3.19333792
27.76721382 0.22332181 -4.15271044 2.75292540
27.71546173 -0.01868056 -4.03054953 3.12809038
27.66069031 -0.22987027 -3.94070029 3.38265705
27.82496071 -0.29943725 -4.19764090 3.52675009
27.83893585 -0.67929304 -4.30039930 3.24567103
27.88402557 -1.08620667 -4.37699556 3.39836311
