14.03633118 0.15521885 -3.73106670 4.49067974
13.97484207 0.33864990 -3.86340547 3.99792624
14.07753468 -0.34116006 -3.72946310 4.85785198
14.15560818 0.16272809 -3.83199167 4.14491844
14.22805405 -0.09112647 -3.86540413 3.90885639
14.16415024 -0.27332407 -3.99038601 3.76770878
14.16168499 -0.34374845 -3.80688405 4.03743410
14.17312527 -0.72034037 -3.84960556 4.66279364
14.34463120 -0.92026359 -3.59126568 4.68803406
13.91340446 0.15088764 -3.63955021 2.96394563
13.80915928 -0.09867295 -3.62547660 3.31377864
13.65895748 -0.21731310 -3.78234220 3.86709404
13.99006271 -0.34425175 -3.65913129 3.99133992
14.01446438 -0.70923132 -3.75297475 4.02283239
14.14697170 -1.05777371 -3.60842061 4.55162144
