25.11391640 0.21116801 -3.95217180 4.34646988
24.87696075 0.37838459 -3.93028259 3.80627441
25.19024658 -0.29667249 -3.94416094 4.51400375
25.20220947 0.21615654 -4.08663559 3.64574528
25.36239243 0.00594245 -4.15288210 3.24187112
25.54185486 -0.17491987 -4.18627310 2.44883037
25.20725250 -0.30013061 -4.05189323 3.73278856
25.03540039 -0.67934602 -4.10421371 3.83999157
24.94346237 -1.05768454 -4.09761238 3.52518272
25.02026939 0.20686188 -3.82280135 2.92068911
24.90032959 -0.04509280 -3.78548479 2.96769881
24.74745941 -0.22069030 -3.86241984 2.78011990
25.16740799 -0.29907840 -3.84202647 3.83958840
25.31645775 -0.68369710 -3.83416319 3.24327636
25.52214432 -1.01693630 -3.80686378 3.46279240
