23.26028061 0.21094987 -6.99118757 3.78061223
23.15224266 0.39661294 -7.07930231 3.84645557
23.21896744 -0.27264279 -7.00944662 4.49568653
23.30539322 0.21829206 -7.14010525 3.50854135
23.37191963 -0.00143228 -7.28185940 3.30318642
23.40230942 -0.18791524 -7.44942999 2.51198745
23.20862579 -0.27709293 -7.11377001 3.59548235
22.98587608 -0.62324160 -7.13537741 3.78617859
22.97292709 -1.00944638 -7.16778946 3.45467520
23.22851181 0.20621586 -6.84121132 2.69147539
23.14689445 -0.02062693 -6.72543573 3.01601195
22.96847534 -0.21426627 -6.70777798 3.01854849
23.22108841 -0.26812926 -6.90601301 3.84542179
23.21569252 -0.65690237 -6.95366192 3.12265587
23.28974533 -1.03701055 -7.03548574 3.67590094
