28.23338318 0.22506925 -6.17998648 3.95076227
28.02639580 0.39341122 -6.14514446 4.04520273
28.26014709 -0.30285618 -6.20951509 4.52379990
28.23185349 0.22823311 -6.35225773 3.59309864
28.31403732 -0.02607683 -6.43709850 3.12874603
28.36639023 -0.26865426 -6.48194647 2.53189039
28.23113060 -0.29882181 -6.32039452 3.98806787
28.02680969 -0.61557877 -6.22841549 3.61868787
28.08922577 -1.01036358 -6.20267773 2.74929905
28.24826050 0.22784284 -6.01305056 2.66849518
28.22158432 -0.04197681 -5.90498352 2.86824465
28.11113930 -0.26247853 -5.82067204 2.46336770
28.28583145 -0.30341858 -6.09311771 3.95449734
28.31613731 -0.69465834 -6.14941645 3.15923071
28.42802048 -1.06711531 -6.23313427 3.31736469
