28.13917542 0.27576059 -5.55402899 4.67193699
27.93366623 0.44939157 -5.57754183 4.49980164
28.14846802 -0.25469282 -5.52537012 5.46594620
28.21456146 0.28698379 -5.68821621 4.19748163
28.23633194 0.00264745 -5.75329638 3.99302435
28.11750412 -0.19396140 -5.76894617 3.78204536
28.21923637 -0.25605196 -5.59419250 4.38508940
28.17412758 -0.65580249 -5.64969397 4.72047997
28.23269463 -1.03679740 -5.55360079 4.14860010
28.04419899 0.27995959 -5.43528509 3.30817938
27.98934174 0.00412970 -5.39119530 3.48712492
27.89067841 -0.21417022 -5.43029928 3.66465712
28.07629585 -0.25927526 -5.45448589 4.33007050
27.99350357 -0.65348625 -5.53408337 4.43357754
28.09330750 -1.00909257 -5.44714260 4.80710936
