25.10983849 0.21453774 -6.23766708 4.15594721
25.05398178 0.41121370 -6.39808321 3.61378837
25.11574173 -0.29258081 -6.24510813 4.67831945
25.26712036 0.22158675 -6.27185106 3.69710660
25.37031555 -0.00900693 -6.22284269 3.35082436
25.45100021 -0.23641329 -6.16888380 2.48154879
25.23225403 -0.29215899 -6.25861597 3.91922855
25.27676201 -0.66543293 -6.33720446 3.71106124
25.34660912 -1.04604757 -6.33675385 3.22031188
24.95106316 0.20928185 -6.21422338 2.71642780
24.87929726 -0.00546915 -6.35777664 2.84587383
24.87358284 -0.03416061 -6.62172413 2.99649763
25.00333786 -0.29207894 -6.23406696 3.89042568
25.00441551 -0.68240762 -6.22566891 3.24497771
24.98081398 -1.05570078 -6.10195398 3.36357808
