12.17489815 0.19787288 -6.27055788 4.51031971
12.10459709 0.40951505 -6.21827888 4.26776838
12.10803413 -0.31059742 -6.27337170 5.24544144
12.18735409 0.19786589 -6.42875767 4.09419870
12.15227318 -0.06288882 -6.50228453 3.82001996
12.10376453 -0.30574170 -6.51737356 3.54236650
12.10252190 -0.31298721 -6.38343525 4.26309586
12.00513172 -0.67323816 -6.44125605 4.79920292
12.09152985 -1.04223490 -6.41250420 4.81190252
12.13929653 0.20104270 -6.11904955 3.15985060
12.12397385 -0.06406362 -6.06137276 3.36718178
12.05377960 -0.29990581 -6.07384014 3.65829229
12.11829758 -0.31108245 -6.16098928 4.03669357
12.09744549 -0.68661243 -6.24183273 3.94600630
12.20429897 -1.04743457 -6.24014997 4.72773552
