14.72950172 -0.02773910 -3.48544025 4.34538174
14.62214088 0.04414788 -3.30317879 3.83863401
14.86769772 -0.43200594 -3.65681744 4.72234201
14.63257504 -0.01065768 -3.60356402 4.16432810
14.63539314 -0.27318189 -3.68720746 3.77458978
14.60334587 -0.48480460 -3.49406242 3.54933596
14.83279133 -0.43755418 -3.75602889 3.78837872
14.83708191 -0.83649164 -3.79471684 4.64048338
15.05722904 -0.92692417 -4.05475235 4.51293468
14.81997490 -0.04367973 -3.36681533 2.93957758
14.87638378 -0.30352202 -3.38216519 3.23373556
14.77856636 -0.50292516 -3.29972768 3.43626118
14.90741920 -0.43027282 -3.56560659 3.77310419
14.72303677 -0.73754096 -3.42986703 4.06344175
14.86417961 -1.06680584 -3.56611848 4.38892126
