27.27254868 0.26518375 -5.47741032 4.75671482
27.08664703 0.47607818 -5.45762920 4.83298111
27.28370285 -0.26184753 -5.49895239 5.33529854
27.34025383 0.27429053 -5.60829592 4.21966267
27.37704086 -0.00913897 -5.67105389 4.05811930
27.32223892 -0.24550673 -5.73310518 3.40602064
27.32823753 -0.26037109 -5.58516026 4.33330488
27.20939255 -0.64475459 -5.67313576 4.80245209
27.24426842 -1.02026439 -5.62350130 4.33830023
27.19529152 0.24758634 -5.34915876 3.34828758
27.15622711 -0.02212979 -5.30338907 3.41475368
27.07007790 -0.25370222 -5.30467749 3.45007372
27.23534775 -0.26829553 -5.41071272 4.27033901
27.21907043 -0.66703141 -5.46501493 4.44029427
27.34258461 -1.04984808 -5.43720961 4.88359213
