26.87261772 0.16092697 -8.16751194 4.23663139
26.75477791 0.39277539 -8.10755730 4.24115658
26.93329239 -0.34404224 -8.18362236 4.63329697
26.78266144 0.15092462 -8.27894592 3.86584425
26.73244667 -0.12085074 -8.32783794 3.37396240
26.62177467 -0.33883557 -8.29745960 2.15006256
26.88793564 -0.34781468 -8.28287220 3.95709038
26.86968040 -0.72257233 -8.21445274 3.87122893
27.05181122 -1.04628563 -8.25090027 2.92366123
26.95807266 0.17149392 -8.05189133 2.92034793
27.07046318 -0.08266515 -7.99894285 2.77186227
27.10041809 -0.32423687 -7.96419191 2.34108019
26.98210526 -0.34410846 -8.08754826 3.88066626
26.86263847 -0.70255893 -8.00472164 3.53494644
27.12894249 -0.91552228 -8.15540886 3.38771152
