19.39924240 0.17997429 -4.83877516 3.81175566
19.23024750 0.37410423 -4.90201283 4.27476263
19.40488625 -0.29854491 -4.84197712 4.44739676
19.41572952 0.18132663 -4.99190235 3.52835441
19.50688744 -0.05222724 -5.05618477 3.62639046
19.54102135 -0.28469059 -5.07643843 3.19828749
19.39926338 -0.30451915 -4.94335747 3.25154471
19.25127983 -0.67943567 -4.90250492 4.28450918
19.21495819 -1.03883934 -4.81714201 4.35205317
19.37203217 0.17947093 -4.68686199 2.85018849
19.32792854 -0.05428770 -4.58881521 3.20879889
19.18578148 -0.23241998 -4.62834072 4.11979485
19.41375732 -0.30122614 -4.74333143 3.70100498
19.49996376 -0.68951327 -4.79310369 3.61430883
19.71018600 -0.98724568 -4.87204123 4.12542915
