13.21600736 0.13337726 -4.85578318 5.10592142
13.07351436 0.23659094 -5.01883558 3.79576371
13.32251873 -0.31011397 -4.73672495 5.05668678
13.35780583 0.14733911 -4.89964399 4.72153571
13.41698888 0.06222572 -4.78769169 4.90114752
13.44465713 -0.10726945 -4.86662538 4.18797534
13.38922787 -0.31056126 -4.81121041 4.17081852
13.21688296 -0.65154840 -4.95287307 4.66551199
13.38580341 -0.99908414 -4.82328574 4.84762207
13.08316250 0.11733368 -4.77910389 3.23930483
13.00531152 -0.13268793 -4.75310294 3.45129369
12.90709552 -0.31030403 -4.88563341 3.55770270
13.26076094 -0.31741348 -4.66258253 3.99129842
13.20639680 -0.68703566 -4.74622215 4.48989871
13.43487644 -0.96829790 -4.57658879 4.35891212
