11.42612076 0.30977353 -5.82737398 3.56878185
11.67256546 0.48777410 -5.81418800 3.76405668
11.34923077 -0.19310398 -5.86902761 4.48693562
11.43431187 0.30926371 -5.67382526 3.57979918
11.41085052 0.04966049 -5.60406876 3.45930195
11.58027744 -0.10469119 -5.64078903 3.19308138
11.32810211 -0.19885319 -5.76465368 3.58242083
11.31130695 -0.61888009 -5.78667927 4.10163641
11.12782478 -0.98243493 -5.84931421 3.59136391
11.41257572 0.30157599 -5.98488522 2.62281656
11.29301262 0.08546459 -6.09363031 2.88523674
11.44672585 -0.08819495 -6.05242729 2.70223904
11.37102127 -0.19374700 -5.97423887 3.70724487
11.50669289 -0.59957635 -5.93483067 3.58889318
11.39311409 -1.00716650 -5.94596386 3.62834144
