11.31561432 0.29316447 -5.85086097 3.58509125
11.56010552 0.46458778 -5.84073315 3.71361270
11.24865036 -0.21258064 -5.89302702 4.45338240
11.29503212 0.28977401 -5.69677982 3.51465354
11.23838291 0.03377663 -5.63967476 3.35955253
11.41611652 -0.12680632 -5.64370899 3.15833182
11.22434311 -0.21959158 -5.78995142 3.58821183
11.24581871 -0.64029442 -5.80906391 4.16355210
11.10996513 -1.02141633 -5.86500663 3.65828982
11.33747444 0.28911035 -6.00520420 2.62857866
11.27076016 0.05170531 -6.10591755 2.87128654
11.40572682 -0.13926475 -6.05747871 2.91570325
11.27371044 -0.21014949 -5.99687471 3.77896886
11.40590134 -0.60942893 -5.95895309 3.74102650
11.18523445 -0.94771030 -6.00320778 3.67370539
