28.70661278 0.32324604 -6.76912489 4.34576063
28.47822227 0.48448620 -6.74480619 4.30368386
28.75954933 -0.22252944 -6.80384750 4.55376749
28.76049804 0.32382154 -6.92883320 3.68991032
28.85368729 0.05757735 -7.00779686 3.10824413
28.82752418 -0.17870753 -7.05399141 1.98530874
28.78331719 -0.22312046 -6.91929588 3.71287899
28.74398003 -0.62658905 -7.01024923 3.66911917
28.85291634 -1.04182856 -7.02802572 3.03443875
28.65562553 0.30697935 -6.60132427 2.88256292
28.67878723 0.01932409 -6.53673773 2.96267262
28.69147339 -0.22863989 -6.49361773 2.93494234
28.73602524 -0.23531111 -6.68900985 3.82830801
28.69481316 -0.64627993 -6.67482834 3.18999872
28.70037613 -1.07128284 -6.63049183 3.37044845
