22.15850334 0.24569431 -4.72775335 3.82790165
21.96790809 0.39750704 -4.61205969 4.08412342
22.26253395 -0.22802683 -4.80150261 4.54495039
22.08226624 0.26786521 -4.86012888 3.74291525
22.11398048 0.07133008 -5.02617159 3.45185700
22.04626388 -0.12759023 -4.91395626 2.83946686
22.22174797 -0.23002513 -4.90175915 3.66503668
22.19968109 -0.63777826 -4.86017838 4.28715258
22.46647491 -0.86682457 -5.10059233 3.58960476
22.22808571 0.22969252 -4.59322309 2.71001420
22.32298774 -0.01720530 -4.52665873 3.04381838
22.11692352 -0.13541619 -4.45956316 3.88657627
22.29480591 -0.23355464 -4.69854135 3.88114405
22.18819466 -0.63978486 -4.63597812 3.61501488
22.31047973 -1.03204172 -4.66787825 3.82109194
