13.78881569 0.28401719 -12.02699222 4.16117268
13.67717285 0.47536013 -11.92498379 4.02495155
13.81694526 -0.22742636 -12.00729351 4.82012949
13.77991428 0.28087493 -12.18667698 3.82191029
13.82592087 0.01666664 -12.24857025 3.52771554
13.81667309 -0.22848357 -12.26217365 3.09660911
13.79052563 -0.22755605 -12.10862961 3.70629072
13.69802666 -0.62399371 -12.08448944 4.45944490
13.74007148 -1.03283618 -12.06713619 4.70712557
13.78772049 0.28601616 -11.86763039 3.05516358
13.76143646 0.03929285 -11.75202942 3.14652610
13.65394974 -0.16811944 -11.67808418 3.21157732
13.84521103 -0.23025482 -11.90503197 3.91668930
13.91038475 -0.62973340 -11.90481129 3.70309181
14.16213703 -0.94523797 -12.01134339 4.20065565
