21.47613068 0.28654164 -10.83897991 3.90371112
21.58627739 0.46607656 -10.70306778 3.95254593
21.49023400 -0.21736180 -10.84154205 4.67098083
21.35418548 0.29668501 -10.73210812 3.48783675
21.25471687 0.03931524 -10.72932987 3.40847988
21.30290375 -0.18035408 -10.65721931 2.67802768
21.41947861 -0.22097207 -10.76221866 3.66197591
21.47944336 -0.60153119 -10.71157703 4.08596654
21.23378448 -0.90668536 -10.86224365 3.53759918
21.59695282 0.27592816 -10.94763756 2.78344788
21.64930458 0.01183709 -11.02093277 3.06822014
21.72439232 -0.21626967 -10.96808166 3.17202907
21.56091423 -0.22444951 -10.92141113 4.02825665
21.55713616 -0.62239802 -10.88437825 3.38163633
21.46000557 -1.02587304 -10.93999329 3.80451446
