5.57276755 0.24913025 -11.58479671 3.85393505
5.72084150 0.45265657 -11.52217274 3.91293278
5.45280761 -0.25549353 -11.64019356 4.49159794
5.46628342 0.26334190 -11.45426941 3.50898351
5.30674239 0.03099590 -11.46239262 3.10163670
5.39131584 -0.19243363 -11.42812328 2.31263004
5.40574665 -0.25369177 -11.54307518 3.81397667
5.50558128 -0.64047456 -11.46760368 3.83223953
5.44551506 -1.06927107 -11.48713817 3.45138278
5.68850126 0.23225155 -11.70601940 2.66217856
5.70814504 -0.04865052 -11.77420940 2.82186727
5.80114765 -0.26004503 -11.67532005 2.55055613
5.50104837 -0.25915596 -11.74162235 3.83850317
5.45164919 -0.65092262 -11.82647037 3.69044772
5.33117466 -1.04718392 -11.96915684 3.53824101
