6.67849159 0.49194318 -6.83544827 3.92881322
6.70824146 0.67457366 -6.96946621 3.23511147
6.66529655 -0.07340365 -6.79980803 4.60927916
6.79889631 0.48986557 -6.76666451 3.61011124
7.03994989 0.53978837 -6.82957458 3.27712774
7.09623432 0.72060126 -6.93795443 3.16163826
6.77134895 -0.07468247 -6.77715206 3.85053444
6.81610537 -0.50770688 -6.82164145 3.85197902
6.91933727 -0.91250670 -6.69899607 3.38921094
6.55021477 0.49317801 -6.89792299 2.72461796
6.82130814 0.57331038 -7.16426420 3.43558478
6.93143606 0.75207746 -7.13161850 3.00509620
6.55575371 -0.07500334 -6.80921745 3.87026954
6.49517775 -0.52302957 -6.79524660 3.23221874
6.46015406 -0.95187169 -6.71123266 3.37341547
