18.18156052 0.19379340 -2.47598314 4.48800945
17.97683334 0.34794271 -2.53145719 4.43225288
18.35239029 -0.26276821 -2.45655537 5.15871525
18.15850639 0.19999966 -2.63907647 4.12791157
18.21613312 -0.03756456 -2.73345685 3.85562658
18.17521286 -0.26181367 -2.75136948 4.00456476
18.36503220 -0.27077115 -2.56272817 4.20052671
18.51467514 -0.63377994 -2.56818986 4.93913698
18.74410248 -0.96279085 -2.54428148 4.89209414
18.23267174 0.19412866 -2.31345749 3.54150438
18.37021637 0.02404351 -2.15203667 3.66662931
18.38088226 -0.18996699 -2.14713097 4.07126522
18.34419250 -0.25882605 -2.35278964 4.13468361
18.20590591 -0.60427058 -2.36635494 4.23185349
18.26822090 -0.98124552 -2.32462382 4.90221024
