25.16758442 0.23900343 -7.51242132 4.87127509
25.30458774 0.37279237 -7.58449216 3.88893600
25.18400040 -0.19959009 -7.49604111 4.93480873
25.16968785 0.25228480 -7.37014723 4.63139100
25.03526287 0.12744286 -7.19303117 4.51896665
25.10841350 -0.08078506 -7.17893372 3.17036865
25.19450970 -0.19964569 -7.39513645 4.07387209
25.37307339 -0.58146570 -7.56111908 4.76340151
25.39803600 -0.97817188 -7.60093732 4.23175893
25.15163498 0.20580446 -7.64585018 3.41970362
25.06137466 0.01226761 -7.81720367 3.24939110
25.17231064 -0.13280108 -7.95452189 2.81859624
25.15532494 -0.21028963 -7.59778037 3.90952496
25.16891632 -0.61513672 -7.49886327 4.13188265
24.89617424 -0.69013165 -7.30485993 4.00795121
