9.58169842 0.28241008 -12.77990761 4.26538353
9.77636585 0.44240387 -12.87171593 4.20014362
9.52358055 -0.25124077 -12.77790489 5.02392025
9.67602368 0.28830521 -12.63580189 4.01112170
9.67005768 0.09168210 -12.47903003 3.60115633
9.74560490 -0.00704330 -12.65845566 3.40662017
9.56266632 -0.25637271 -12.67585678 4.05564479
9.58383808 -0.66674143 -12.67752495 4.56125317
9.29792519 -0.92847310 -12.50810642 4.14066334
9.48311234 0.27674563 -12.92188015 3.06376095
9.30898075 0.08239131 -12.92510090 3.19387856
9.46451645 -0.05328311 -13.03161106 3.17821874
9.47678413 -0.25274171 -12.88019447 3.91879144
9.61614952 -0.64557483 -12.94188423 4.01113329
9.56048107 -1.06087196 -12.89540271 4.42103758
