10.12577057 0.26601005 -8.29058361 3.77199125
10.03577995 0.44706044 -8.45765400 3.75094891
10.17602921 -0.26238647 -8.28290844 4.49788189
10.29735088 0.28431386 -8.26887321 3.39275813
10.40419769 0.07489716 -8.13554287 3.43692350
10.36592674 -0.10959731 -8.26586437 2.51254368
10.28839779 -0.25675279 -8.24959087 3.53517771
10.39593697 -0.64043599 -8.27410984 3.88395286
10.47490311 -1.02256739 -8.16213417 3.62001371
9.95677853 0.24449712 -8.31940079 2.71581459
9.87469101 -0.00681764 -8.28651237 2.87213802
10.03089714 -0.13604596 -8.45346451 1.80344689
10.06204224 -0.26443636 -8.30061340 3.77003646
10.08406830 -0.65971583 -8.35555458 3.15275884
9.98576260 -1.03728867 -8.20360279 3.67888594
