6.05840663 0.43066161 -9.10395205 3.92904570
6.06852429 0.64381185 -9.08892369 3.09668908
5.99384863 -0.11033509 -9.05353394 4.36602796
5.98977875 0.42012099 -9.23207779 3.56588216
5.82748383 0.28606754 -9.20087769 3.19943982
5.80558909 0.43383824 -9.08161037 2.49209921
5.96106055 -0.11273203 -9.14576548 3.53487905
5.88054896 -0.52944491 -9.12920117 3.85286512
5.89005727 -0.97486883 -9.12854898 3.14840658
6.13242002 0.43131161 -8.97038725 2.83450585
6.07617421 0.54776105 -8.84440951 3.58764951
5.94807018 0.64250539 -8.98795355 2.91413459
6.02801985 -0.11317357 -8.95954535 3.67805796
5.93171432 -0.53173214 -8.89097567 3.20613082
5.98869263 -0.93253899 -8.91192215 3.39944103
