8.16640320 0.29065895 -9.82639389 3.77406721
8.39278336 0.46937355 -9.84139805 3.64146662
8.08902436 -0.23784070 -9.85378170 4.51582203
8.12248897 0.28037606 -9.66519985 3.44873619
8.08187980 0.00974776 -9.60465603 3.35899462
8.13388653 -0.23129792 -9.53466645 2.56517639
8.04053230 -0.23858553 -9.75530472 3.74256191
8.03896064 -0.63447613 -9.75271149 3.53977556
7.91131839 -1.04119022 -9.79711666 3.09861250
8.20126381 0.29061084 -9.98997192 2.78405500
8.14162312 0.02861819 -10.07165966 2.96272425
8.24679088 -0.19659494 -10.00518265 2.99342937
8.13032302 -0.24193421 -9.95665836 3.81936035
8.28860131 -0.61996550 -9.89527111 3.80986929
8.11523190 -1.00144987 -9.91303138 3.63785457
