6.28801661 0.29183044 -5.14066449 4.17545166
6.26851731 0.46563049 -5.36521015 4.18830986
6.27199345 -0.25471175 -5.07596636 5.03413601
6.45177136 0.29416575 -5.12607927 3.87176394
6.48018646 -0.00984452 -5.12945137 3.70423059
6.48318634 -0.26246959 -5.17102050 3.32557612
6.38915462 -0.26147487 -5.07721835 4.10168858
6.38828030 -0.66233425 -5.12350082 4.58749485
6.40481090 -1.08934021 -5.04755964 4.10759802
6.12176342 0.27377660 -5.14987373 2.92929306
6.05211010 -0.02263204 -5.13462743 3.03848968
6.00513802 -0.27110499 -5.19422236 3.34589491
6.15730477 -0.25499099 -5.07946863 3.98985638
6.11213274 -0.65458618 -5.17574549 3.70576244
6.07585611 -1.08780096 -5.14162989 4.25149412
