19.02814407 0.01087294 -2.91575265 4.21335134
18.75313912 0.14525415 -2.90071897 4.32489109
19.24392128 -0.38709757 -2.93121739 4.95241032
19.00059891 -0.00362942 -3.06669617 3.89104328
19.04051781 -0.26039696 -3.15377779 3.53497224
18.89734077 -0.47462942 -3.08493753 3.81633100
19.22252731 -0.39111469 -3.03429823 3.93514896
18.94479408 -0.72436769 -2.95506349 4.40333309
19.16115494 -1.02181103 -3.01593409 3.91985302
19.06155243 0.02114275 -2.76589799 3.06562366
19.14239502 -0.18058030 -2.60182409 3.18653641
18.95093498 -0.31467130 -2.56393533 3.61991358
19.27070808 -0.39197240 -2.83074379 3.98284850
18.98706360 -0.71815728 -2.69413543 4.29813900
19.02980499 -1.03018808 -2.45071687 4.15840034
