10.00486946 0.30511336 -9.98907662 3.70463505
10.23523693 0.48578783 -10.02812938 3.68214836
9.93075733 -0.20895654 -9.98877640 4.70397644
10.02991066 0.30797828 -9.82918091 3.61241927
10.00815125 0.08520809 -9.69210815 3.43609681
10.20532360 -0.01928939 -9.75686169 2.95345993
9.91830463 -0.20844129 -9.87703686 3.93410511
9.88188839 -0.61619330 -9.88364181 4.03244000
9.62281685 -0.96841342 -9.83077049 3.31893058
9.97965469 0.30348774 -10.15510788 2.69468122
9.81945095 0.10415757 -10.23845749 2.73685288
10.00006523 -0.01372990 -10.20310459 2.56133075
9.93808670 -0.21484186 -10.10025330 3.90418048
10.08375263 -0.61720820 -10.07779484 3.67247658
9.98453102 -1.01793065 -10.04560814 3.69279737
