29.04399147 0.33529385 -7.56049919 4.28831205
28.84418678 0.52021095 -7.57412424 3.79834547
29.02337952 -0.23084031 -7.55679121 4.50889196
29.14480438 0.32991495 -7.68721122 3.24930510
29.24319840 0.05197690 -7.70741081 3.10763998
29.25524674 -0.19361456 -7.72499351 2.36315689
29.10785904 -0.23561966 -7.63178692 3.64666600
29.12642174 -0.62195093 -7.60447893 3.69687853
29.18574791 -1.04528174 -7.53824091 3.16755505
28.92734375 0.32900589 -7.43753605 2.93270130
28.92945938 0.05716436 -7.29093475 3.17717052
28.89753761 -0.19564200 -7.26431704 3.50646105
28.93591385 -0.23317500 -7.49102793 3.70881543
28.89949723 -0.62592713 -7.49648962 3.21593609
28.88896332 -1.04035294 -7.44243536 3.17040339
