17.13148842 0.33623221 -3.73127022 4.20910568
17.00223999 0.50254259 -3.85993567 3.82512827
17.20680809 -0.16077689 -3.68694653 4.79910765
17.14987183 0.33871182 -3.88619852 4.02621804
17.20430718 0.13278583 -4.02212782 3.74942345
16.99855805 0.08677209 -3.93049817 3.34379625
17.22187309 -0.16675533 -3.79058556 3.81367026
17.28045426 -0.56940969 -3.76045117 5.03573036
17.59269409 -0.84877902 -3.79410444 5.17982864
17.12888145 0.33400913 -3.57337671 3.03262110
17.23871994 0.14642308 -3.43109680 3.25304118
17.05715714 0.07041087 -3.44254007 3.64021587
17.19401283 -0.15908617 -3.58440489 3.88738804
17.04573250 -0.55193267 -3.58566417 3.86104107
17.09525757 -0.93143616 -3.57159109 4.28062229
