15.75855255 0.24961898 -3.85685158 3.79217148
15.94761086 0.42538890 -3.92825794 4.08417225
15.69399834 -0.24210674 -3.84457970 4.76412296
15.82696342 0.25821528 -3.71146989 3.88663864
15.82394886 0.01441592 -3.61061859 3.70878220
15.87632465 -0.19304493 -3.69768310 3.88812542
15.70421505 -0.24532677 -3.73868203 3.80084538
15.73524761 -0.63575953 -3.72351146 4.16249514
15.61917210 -1.02552342 -3.66402555 4.31260538
15.68813515 0.23805246 -4.00377655 2.82250428
15.55540848 0.00771361 -4.05328226 3.01790047
15.64508724 -0.20819895 -4.09777117 3.36895156
15.67054367 -0.24722485 -3.94852352 3.92947507
15.78858566 -0.63678044 -3.97933316 4.10382032
15.84744740 -1.04543304 -4.01501656 4.22138309
