13.24630566 0.25882539 -10.60022163 3.69737444
13.46588288 0.43405941 -10.59048328 3.57394915
13.18634930 -0.25248652 -10.61360741 4.66012354
13.25187455 0.26078242 -10.43557854 3.54924145
13.16514149 0.03181093 -10.33480396 3.28188229
13.35243568 -0.05574100 -10.39588738 2.93080063
13.19138241 -0.25420976 -10.50494442 3.76185341
13.25000400 -0.65055027 -10.55811425 4.29522114
13.07046585 -1.02561163 -10.56294212 3.49387817
13.24527225 0.25134474 -10.76517125 2.81130772
13.16694527 0.01865938 -10.87324868 2.94234639
13.34143867 -0.07026780 -10.78499222 3.19752102
13.17663937 -0.25382878 -10.72127189 3.84335203
13.29393196 -0.63547565 -10.73862057 3.87253156
12.99842091 -0.88350266 -10.68029614 3.75063591
