29.91838455 0.24921338 -8.44327526 4.68015118
29.67897949 0.34599316 -8.35226994 4.27332249
30.06254158 -0.27011897 -8.45089398 5.60769844
29.86907196 0.23638285 -8.59007110 4.19544821
29.81537171 -0.05157690 -8.64212970 4.48784208
29.66975861 -0.12909965 -8.50576839 3.15284038
30.04591675 -0.27191947 -8.58204708 4.53297282
30.08314476 -0.70899715 -8.52591648 5.21861324
30.25669747 -1.09707465 -8.56352310 4.87991524
29.97248039 0.25984556 -8.29273510 3.47875085
29.99067688 -0.00978853 -8.23304215 2.99909201
29.78627396 -0.15388143 -8.29315586 3.86997247
30.08546028 -0.27130153 -8.32444877 4.26677141
29.93510399 -0.67367299 -8.34664306 4.14792223
29.97570038 -1.08313317 -8.35050068 4.40896425
