9.20230274 0.27629151 -8.56149044 4.02331820
9.08838177 0.50504674 -8.64163723 4.05406885
9.20844116 -0.25475216 -8.54057769 4.71880064
9.26651211 0.27553112 -8.70287933 3.73968634
9.37617970 0.01460167 -8.70214882 3.58021698
9.44403152 -0.22189280 -8.69749890 3.80254354
9.21906090 -0.25893416 -8.64969940 3.85145712
9.10010280 -0.63320384 -8.63821793 4.12608300
9.13500061 -1.04185591 -8.62783699 3.82149172
9.13491249 0.26677826 -8.42265644 2.70893965
9.10819473 -0.00776923 -8.36438942 2.83934231
8.99714222 -0.22425578 -8.41263656 2.90319500
9.20478687 -0.25738349 -8.43125668 3.69801555
9.29580612 -0.64451619 -8.44452343 3.52658682
9.60078888 -0.92217206 -8.33152351 4.22900715
