25.59304047 0.22097142 -11.48456287 4.27978039
25.50034142 0.41712761 -11.34809399 4.36469460
25.66482925 -0.28912300 -11.55597115 5.10947227
25.49579811 0.22633752 -11.61586189 4.16896963
25.52239418 -0.04450522 -11.72271347 3.63986731
25.45615959 -0.23599194 -11.62992954 3.54030275
25.61393547 -0.29486567 -11.64653587 4.18360472
25.62049294 -0.69392473 -11.64227104 4.55679035
25.78104401 -1.04979742 -11.85674858 3.99850512
25.68412018 0.19664809 -11.34725857 3.06062841
25.75847435 -0.10712872 -11.32752991 3.04716039
25.72920799 -0.35079458 -11.28487968 3.24816370
25.71460342 -0.29879913 -11.46562481 4.03235531
25.76799965 -0.68618697 -11.36740112 3.82691145
25.92974663 -1.08102560 -11.32368755 4.35056686
