5.78965578 0.24699772 -6.68454628 4.07413016
5.71354084 0.47459037 -6.81695976 3.63049135
5.77102079 -0.27608643 -6.69797364 4.56452837
5.87014103 0.24699095 -6.82481909 3.60477619
5.96745472 -0.00358135 -6.86617136 3.35031410
5.77361221 -0.07023872 -6.82709780 3.44701853
5.79422569 -0.27940656 -6.80781593 3.66439714
5.65208959 -0.62158117 -6.91431742 3.66549730
5.64617443 -1.02376840 -7.06265784 3.25777921
5.69967756 0.24751338 -6.55328245 2.75410528
5.66641064 -0.00325304 -6.46336813 2.76007042
5.61373749 -0.23294862 -6.55299292 2.42963028
5.74092551 -0.28082681 -6.59164439 3.82581864
5.72863340 -0.68040354 -6.58664255 3.36411900
5.95158472 -1.06364744 -6.55184393 3.65961776
