12.99278738 0.25020622 -9.14724888 4.47023396
12.82296405 0.43142865 -9.20555727 4.18756935
13.03341319 -0.23953440 -9.14497034 5.15751597
13.07021014 0.25597397 -9.27690858 4.21638932
13.22753896 0.08136784 -9.36065644 3.90009665
13.07908425 -0.05780829 -9.38039788 3.44375544
13.04060519 -0.24197705 -9.24808506 4.21416152
12.88855551 -0.62767824 -9.26936400 4.72501413
12.97925862 -1.01671054 -9.22831792 4.84371389
12.92486062 0.24779712 -9.00477431 3.15272259
12.91642547 0.01205262 -8.91151045 3.12931660
12.81673336 -0.13692627 -9.03264904 3.78764399
13.01798159 -0.24582888 -9.04225508 4.09047648
12.98155627 -0.65175985 -9.09855026 4.26529429
13.29563317 -0.90980453 -9.08696268 4.48196393
