14.96328526 0.28989651 -12.31145801 3.79787435
14.86179142 0.51264901 -12.21300106 3.92710781
14.94564324 -0.22686433 -12.29813270 4.49911843
14.90571346 0.28879429 -12.46432991 3.55719891
14.87127914 0.01784049 -12.52251740 3.51050463
14.83300228 -0.22173328 -12.49742412 2.64993711
14.91001205 -0.23358165 -12.39417629 3.57691298
14.89685383 -0.63533897 -12.36080418 4.17139607
14.97234192 -1.03367407 -12.34115638 4.18934727
15.01120414 0.28586123 -12.15674248 2.75553617
15.06878700 0.01972465 -12.09075584 3.00409050
15.02811317 -0.21366922 -12.03340493 3.05349322
14.98121548 -0.22958011 -12.19951820 3.71897302
14.96007881 -0.62901587 -12.17817650 3.70179338
15.22975178 -0.91665243 -12.30936757 4.02797546
