27.53984794 0.33371903 -5.99954138 3.98767586
27.31320762 0.49383900 -5.95196304 3.68619185
27.64421119 -0.17151767 -6.03910064 4.48493119
27.51937638 0.34095669 -6.16674261 3.54472680
27.59280853 0.08957534 -6.28292561 3.44486332
27.60310517 -0.15528592 -6.34361687 2.46491347
27.59764366 -0.17365772 -6.14010563 3.63915057
27.45223999 -0.56358387 -6.06810513 3.94076967
27.57560120 -0.98665092 -6.11915283 2.84957337
27.56151237 0.32125181 -5.83438034 2.68381805
27.57815705 0.04723689 -5.72301903 2.98328004
27.44647522 -0.16525597 -5.64319544 3.02121649
27.68635979 -0.17708376 -5.93643351 4.01836882
27.73189278 -0.59654954 -6.01899567 3.00967607
27.87203750 -1.02172031 -6.10333786 3.17197085
