26.87033272 0.28177828 -8.16206360 4.45281839
26.95711136 0.46808407 -8.27619743 3.96258640
26.91729927 -0.21991143 -8.16103745 4.88605213
26.88922119 0.30521843 -7.99946785 4.24547672
26.73073769 0.10800341 -7.87773705 3.59075856
26.86501694 -0.08325359 -7.88952637 2.40811920
26.91785812 -0.22570978 -8.05411148 4.21304226
27.13278008 -0.58472556 -8.16301155 4.53375721
26.93948936 -0.99300760 -8.11967850 3.33445525
26.85050774 0.26189938 -8.32301331 2.99946928
26.82001877 0.04756989 -8.47538090 2.87357903
27.05025101 -0.03984105 -8.53845215 2.37957358
26.87874413 -0.22223674 -8.26364040 4.11996746
26.89946365 -0.65121555 -8.24281502 3.39126086
26.64262962 -1.01103687 -8.17314625 3.40184283
