18.22899017 0.26393976 -11.30794144 4.05391474
18.35800057 0.43925491 -11.21087113 4.18368512
18.21637535 -0.23199032 -11.31168804 4.94427681
18.17049713 0.27080445 -11.16923732 3.75650177
18.02925987 0.06309660 -11.12766781 3.55464354
18.22358742 -0.04425455 -11.11828175 3.77298551
18.20366287 -0.23594049 -11.20818081 3.99866629
18.34685822 -0.62406879 -11.24840393 4.33890714
18.32044716 -1.02121929 -11.30517826 4.42178116
18.28588905 0.25192549 -11.45425796 2.89870462
18.30141487 0.01346028 -11.56126023 3.07980256
18.44960556 -0.04940603 -11.40526294 3.69604187
18.21773339 -0.23809009 -11.41657238 4.05822592
18.21170082 -0.64900768 -11.40396099 3.74965772
17.92060204 -0.89892734 -11.39443035 4.22784281
