13.50304317 0.31354909 -3.89497075 4.34380837
13.42251911 0.50657664 -4.05794869 4.33770828
13.52738266 -0.19670496 -3.88553962 5.07232132
13.59786892 0.31565192 -4.01938887 4.09425087
13.76936722 0.11725060 -3.97290092 3.91557017
13.64994602 -0.00641128 -4.09878483 3.94079819
13.55652656 -0.20101577 -3.98397703 4.10668392
13.45127125 -0.58951869 -3.98813658 4.67512970
13.54787846 -0.97145987 -3.93440637 4.41736240
13.42140369 0.30525875 -3.77060957 2.96442461
13.41104279 0.07966114 -3.64949064 3.18259511
13.30791016 0.04311170 -3.83223400 4.31196403
13.50629864 -0.19843746 -3.78610544 3.94292326
13.61001854 -0.58482419 -3.75889459 4.09957195
13.80510159 -0.90858957 -3.67296009 4.73279915
