7.46598730 0.23493406 -9.92519036 4.18654414
7.43235788 0.43140261 -9.78956604 2.98460159
7.43346214 -0.28255731 -9.95374947 4.43754072
7.33162870 0.25163569 -9.96742287 3.80893116
7.19775763 0.39493190 -9.72416973 3.99742871
7.27808895 0.58602437 -9.64025536 2.69878817
7.36451702 -0.28024995 -10.03224926 3.70732670
7.22635107 -0.68941360 -9.92443752 4.11397429
7.51049118 -0.93034354 -10.13298874 3.16979451
7.59244805 0.22546240 -9.85133838 2.89945397
7.57854662 0.32228207 -9.54432602 3.17438946
7.51266346 0.54577655 -9.49086036 2.79557695
7.50469408 -0.28704456 -9.87410622 3.81961059
7.32047644 -0.66375129 -9.71616364 3.23332725
7.43866300 -1.05578051 -9.73358974 3.69332409
