19.08316994 0.30673245 -3.76109528 4.13464632
18.83089180 0.46740133 -3.79488878 4.15006523
19.14981308 -0.22019644 -3.74829249 4.72781525
19.16294937 0.30953248 -3.89540997 3.73828926
19.24933281 0.04008740 -3.92274647 3.59126253
19.25133591 -0.20796264 -3.93427005 3.04535780
19.18300095 -0.21631896 -3.84626832 3.86559410
19.10511322 -0.60602856 -3.90650129 4.23974170
19.16324692 -1.00653605 -3.89859882 3.98768487
19.00211792 0.29238371 -3.62624416 3.00135803
18.97700730 0.01528979 -3.55013003 3.16254206
18.89654350 -0.21356899 -3.58741217 3.71147766
19.11295014 -0.23042954 -3.64963784 3.85116801
19.02548942 -0.62693152 -3.66046529 3.91959333
19.04821930 -1.04221353 -3.64085364 4.17183514
