9.22728386 0.28122337 -4.22186289 4.31777467
9.20803623 0.47331200 -4.41679201 4.20879402
9.20792732 -0.25684929 -4.20216112 5.14889202
9.35610390 0.28862053 -4.12489805 4.14926605
9.37865429 0.01899960 -4.02711983 3.77854710
9.41794739 -0.22857314 -3.99947910 3.34308186
9.26899147 -0.25737260 -4.11614428 4.00407372
9.28586368 -0.66208017 -4.10821094 4.39737683
9.25854645 -1.06903887 -4.07233314 4.52626429
9.10401611 0.27173123 -4.32821083 3.24805031
9.05727654 0.00231701 -4.40073033 3.30473790
9.07638168 -0.21318125 -4.46554928 3.53676887
9.13568611 -0.25867814 -4.28161879 4.05202560
9.03529225 -0.63538239 -4.32711458 3.97829089
8.81778812 -0.96962647 -4.35423641 4.32274189
