29.84445267 0.19335003 -8.92423992 4.19232931
29.92059898 0.38106851 -8.77680569 4.20806446
29.84217147 -0.35406395 -8.94299087 5.05312128
29.66196480 0.19508371 -8.91035500 3.99120703
29.54479561 -0.06664964 -8.90486431 3.41437459
29.61870041 -0.23183758 -8.75532627 3.12022986
29.73036651 -0.35858172 -8.93727475 4.00171423
29.68153229 -0.76820746 -8.81557140 4.77052422
29.68753395 -1.16712284 -9.02201863 4.46888685
30.02331199 0.17487817 -8.91873951 3.11697864
30.10296058 -0.11994296 -8.93613930 3.28616314
30.12314224 -0.37122401 -8.91533260 3.62622214
29.95171967 -0.34898377 -8.93611336 3.90389958
29.98904572 -0.70978937 -8.78407688 4.13844194
29.97767945 -1.06637657 -8.90145417 4.58696785
