22.86614075 0.30385959 -2.80379672 3.89986691
22.66009255 0.47964659 -2.74922523 4.23223381
22.92118149 -0.21621512 -2.80342641 4.55592957
22.84250031 0.30481813 -2.96113772 3.70160732
22.87279625 0.08546830 -3.11351199 3.69078064
22.73781776 0.07092715 -2.98510714 3.35243592
22.91725388 -0.21407770 -2.91040096 3.54914312
22.96854706 -0.62721139 -2.90031543 4.22387571
23.29400177 -0.88892368 -2.92590294 3.80802913
22.89997253 0.30567166 -2.64665356 2.87233229
23.05467605 0.11490901 -2.54747500 2.92135782
22.85737190 0.01279260 -2.56733141 3.67820868
22.92248879 -0.21995396 -2.69809437 3.77541967
22.76347122 -0.61878325 -2.67006068 3.66203785
22.73776436 -1.04050184 -2.67127371 4.05402108
