5.60155449 0.54660414 -8.58412094 4.90589027
5.50473671 0.67660811 -8.49260826 3.20060749
5.58625517 -0.08922939 -8.62574939 5.12643261
5.51613893 0.55983483 -8.69217033 4.15954151
5.46206770 0.31322814 -8.80300808 3.61990471
5.41067620 0.10633176 -8.87634964 3.14447937
5.57025833 -0.08039414 -8.74090691 4.35269485
5.50520620 -0.43563154 -8.86297894 4.05476217
5.47147751 -0.82803109 -8.91132164 3.86044302
5.66754465 0.54469120 -8.45505352 3.75988145
5.55935764 0.16040652 -8.40070667 3.15280466
5.58279429 0.04213719 -8.42896690 5.18165255
5.62564258 -0.08687605 -8.51868553 4.11736565
5.59986791 -0.47375052 -8.46640034 4.06739573
5.58768873 -0.89214126 -8.48039989 4.27763691
