15.05914097 0.21704659 -3.39932198 4.27119331
15.03232880 0.39655021 -3.54704475 3.91171975
15.04305382 -0.27881587 -3.36604023 5.04674702
15.18860817 0.21259656 -3.47732410 4.06314688
15.32277183 0.00857884 -3.41744947 3.73668833
15.25743408 -0.16201984 -3.53493772 3.88275972
15.11539364 -0.28568355 -3.45019979 4.05157871
14.97764740 -0.67353747 -3.53861342 4.56291799
15.06716232 -1.01027238 -3.34162898 4.40954227
14.93516045 0.22421920 -3.31526060 2.88878889
14.83982105 0.01010829 -3.22271600 3.21979995
14.77502556 -0.11275572 -3.40744658 3.48368464
14.96176357 -0.28102696 -3.29410901 4.07286262
14.88066063 -0.68929369 -3.31253142 4.01025057
15.04654026 -0.95801654 -3.04964571 4.40077581
