5.94392776 0.25983447 -11.55680847 4.41053820
6.02952242 0.43504536 -11.38675690 4.68370104
5.94879341 -0.28498921 -11.58414936 5.42607403
5.77991056 0.26375446 -11.52760983 4.35233593
5.71558189 0.04122687 -11.69083118 4.19254351
5.69070816 -0.17667016 -11.67601299 3.98941994
5.84006119 -0.28307319 -11.60305500 4.16131592
5.78454828 -0.67016977 -11.62024307 4.10838127
5.75396395 -1.02724779 -11.73661137 3.64299250
6.10681057 0.26635748 -11.56071281 3.16294193
6.23815298 0.03568281 -11.63894749 3.14075232
6.39972353 -0.12840065 -11.55364323 3.61111760
6.06540489 -0.29090488 -11.57419777 4.24746037
6.10488319 -0.67378771 -11.49501514 4.10316992
6.19830084 -1.04324174 -11.52934361 4.43119049
