24.32003975 0.25389165 -8.41530723 3.82062359
24.13026809 0.44274327 -8.38525505 4.31435070
24.37927131 -0.26164734 -8.42560482 4.56022129
24.34528008 0.26170624 -8.56688538 3.36630807
24.45310173 0.04054880 -8.64221191 3.31056414
24.41834069 -0.20190567 -8.67642250 2.12742024
24.37384453 -0.26640874 -8.53266487 3.78790679
24.24650193 -0.66163031 -8.53140850 3.76599312
24.17276078 -1.04743319 -8.49706898 3.07751503
24.30608902 0.25632282 -8.26553574 2.70319504
24.28955651 0.02413588 -8.16691398 3.07170210
24.07884293 -0.08587925 -8.18046055 4.08164453
24.38476791 -0.26146445 -8.32007198 3.96116695
24.37685471 -0.66149406 -8.27713757 3.29120998
24.70096283 -0.89474374 -8.29991741 3.21054883
