14.67979451 0.17793008 -11.10867500 3.66361380
14.87612686 0.36354078 -11.05442466 3.96506405
14.56318989 -0.28471938 -11.11955204 4.59224663
14.68907643 0.17206909 -10.95955315 3.62016316
14.72575512 -0.05477883 -10.88054371 3.47430377
14.86970386 -0.12795295 -11.01798267 3.22062082
14.54800262 -0.28964425 -11.01772251 3.80400891
14.48478737 -0.66813258 -11.07842942 4.14240093
14.26187858 -0.98590808 -11.13756714 3.85065394
14.67094803 0.17532121 -11.25889225 2.78779393
14.64744206 -0.06030003 -11.34971753 3.16085696
14.82203999 -0.11908989 -11.23412151 3.30988360
14.56873093 -0.28134536 -11.22192306 3.70702109
14.80671845 -0.57924081 -11.27410698 4.43851357
14.62503300 -0.81467360 -11.25657101 4.17215176
