27.57473908 0.21522095 -8.08112812 4.75315648
27.32289200 0.19678489 -8.09729634 3.97810392
27.67245140 -0.29274437 -8.08832455 5.46326571
27.55367203 0.21622118 -8.22635403 4.41215849
27.67572479 -0.00597075 -8.26303654 4.26146374
27.45628853 -0.04899064 -8.20875759 3.80992909
27.63354301 -0.29618464 -8.19012718 4.49347382
27.51714096 -0.70151417 -8.11220169 5.05640011
27.54689255 -1.07328009 -8.14338302 4.41918126
27.61607780 0.22354806 -7.95230923 3.52020120
27.73455047 0.00697118 -7.88239279 3.49650984
27.54149627 -0.01299500 -7.89371271 3.69144564
27.71120339 -0.29764539 -7.99106140 4.16279964
27.66434402 -0.70965363 -7.93853502 4.37782602
27.94926758 -0.94263172 -7.95645942 4.97956037
