17.79227867 0.31922887 -8.83056374 4.72870302
17.71019173 0.50804408 -8.69532128 3.31023522
17.77326050 -0.23546668 -8.79077225 5.11437712
17.65040626 0.31809544 -8.88844986 4.41053963
17.51634789 0.60605127 -8.86340065 4.31464062
17.58857574 0.67124312 -8.74248371 4.59052896
17.69319306 -0.23594417 -8.85428467 4.03674450
17.54262810 -0.63181735 -8.84071274 4.48725014
17.51889953 -1.01307488 -8.97747250 4.40049772
17.90740852 0.32362291 -8.74083233 3.28428230
17.88479652 0.60049585 -8.58182888 3.44769731
17.91179238 0.67959528 -8.42822800 4.23668461
17.86726189 -0.24065080 -8.74226532 4.20403156
17.89337921 -0.65552573 -8.72783261 4.18465605
17.98215752 -1.03443451 -8.84510784 4.44397030
