4.31135425 0.21474071 -9.26461544 4.97411117
4.46625204 0.42583751 -9.31008205 4.09574909
4.26068821 -0.32211168 -9.31747475 5.58184738
4.41466427 0.21228337 -9.14626007 4.37067003
4.43800392 -0.04533280 -9.11457634 3.92447257
4.59109564 -0.14952826 -9.21298465 4.00051937
4.28426361 -0.32885831 -9.20717430 4.34611511
4.16412487 -0.70193209 -9.27637215 5.13470974
3.98255767 -1.07026236 -9.29561749 4.52596150
4.19685860 0.21718667 -9.38596115 3.43919716
4.03772812 -0.00586960 -9.38360118 3.36736455
3.95237904 -0.23579635 -9.44351005 3.14665370
4.23243742 -0.31975493 -9.41299991 4.38117619
4.36913023 -0.67287094 -9.43160057 4.63895855
4.35338545 -1.05241584 -9.51994438 4.78202171
