6.94444380 0.22549198 -10.82596435 4.49851064
6.75051746 0.40002598 -10.85962887 3.88989601
6.93558979 -0.31974077 -10.80210724 5.10127391
7.03248978 0.22498504 -10.95341816 3.97512226
7.11942959 -0.01491108 -11.02131004 3.44045610
7.03180151 -0.23799966 -11.09488525 2.94332404
6.96941490 -0.31883419 -10.90830040 4.45423117
6.83473539 -0.69498450 -11.02764187 4.81321373
6.82235384 -1.09052570 -11.05752277 4.84862547
6.85321340 0.22950965 -10.69398613 3.12557134
6.77509289 0.01501176 -10.58880730 3.05323911
6.63677540 -0.06289820 -10.76238289 3.40186091
6.88593607 -0.32141111 -10.70561028 4.06282873
6.86127815 -0.70927445 -10.75497017 3.89739265
7.04891786 -1.05956557 -10.66790257 4.03493300
