8.04803982 0.26267034 -9.80756092 3.85187016
8.26842804 0.44782668 -9.80480861 3.63132343
7.97167673 -0.27492149 -9.81258449 4.49580049
7.99130649 0.27595854 -9.65952244 3.48007188
7.84279137 0.04888827 -9.61191272 3.17507219
7.91082659 -0.18009429 -9.57517509 2.15077536
7.94220667 -0.27431487 -9.70294094 3.78839827
8.03486233 -0.66569413 -9.64590664 3.96217900
7.94418373 -1.05677192 -9.65923729 3.54786143
8.10407257 0.24834196 -9.95505180 2.78182602
8.13134899 -0.02490379 -10.01007519 2.92024040
8.21007328 -0.24974401 -9.99517365 3.21310124
7.99576092 -0.27953710 -9.92285958 3.81191645
7.98959303 -0.67012079 -9.98306350 3.31451383
7.92583351 -1.06898317 -10.02725334 3.61841216
