3.71459651 0.23623550 -4.31724625 3.99026551
3.59125747 0.42977559 -4.32194977 4.24494982
3.74930906 -0.32176096 -4.31823263 4.95162401
3.66972456 0.23489831 -4.46483117 3.61384287
3.72414379 -0.01997582 -4.54742536 3.40929794
3.69573260 -0.24439533 -4.57709198 3.34338956
3.70344648 -0.32804774 -4.41135512 4.03607006
3.58939028 -0.72333288 -4.34658565 4.38234987
3.53533397 -1.12770631 -4.27661247 3.32587052
3.76218982 0.23721940 -4.17015648 2.91026688
3.84787188 0.03603229 -4.01362071 3.03895735
3.64517770 0.04464817 -4.02257604 2.85404324
3.80609464 -0.32993127 -4.23074427 4.05765962
3.92895546 -0.72025802 -4.24270001 3.33932552
4.18443379 -1.02108997 -4.32201843 3.26185283
