4.49919147 0.22227972 -8.58055954 3.67784710
4.59268513 0.40447486 -8.41139603 3.97749786
4.48550825 -0.31193117 -8.60993347 4.59212389
4.34343462 0.23271899 -8.62640152 3.39013529
4.20801478 0.02874200 -8.74320850 3.08116636
4.27845125 -0.09539766 -8.57925682 2.25577326
4.38232012 -0.30951602 -8.63681564 3.64707132
4.32872171 -0.70032114 -8.60975876 3.91686302
4.37964192 -1.08461893 -8.67536545 3.34298901
4.66659508 0.21003770 -8.54933834 2.79362245
4.74058656 -0.03388864 -8.49922104 2.72517304
4.55685587 -0.08326260 -8.39635258 2.89943905
4.58945332 -0.31870250 -8.56691990 3.52715106
4.52399139 -0.68557499 -8.42461719 3.24399262
4.60187941 -1.00599166 -8.59630814 3.06286769
