26.51553573 0.19909727 -9.80512924 4.56659298
26.25174485 0.38500501 -9.71101284 4.49182539
26.63690567 -0.30559079 -9.84638500 5.25594578
26.44865723 0.20335899 -9.93627395 4.45613995
26.39334526 -0.04129434 -10.06534405 4.35219555
26.23452950 -0.20875528 -10.10791549 3.88212404
26.63562088 -0.30964839 -9.95533581 4.30317564
26.72040177 -0.71720577 -9.91089497 5.13772564
26.96507339 -1.04680119 -9.89369297 4.73369198
26.57165451 0.19749951 -9.67047119 3.23906069
26.70048294 -0.03946605 -9.57711315 3.29976663
26.71006356 -0.26005838 -9.51151428 3.45743923
26.64205132 -0.30843458 -9.74030170 3.94570170
26.45228996 -0.67836181 -9.78657246 4.07408514
26.38057136 -1.05214243 -9.88587627 4.81250525
