7.58694029 0.10501790 -11.18743706 3.93003464
7.77069759 0.26552558 -11.27916527 3.64161205
7.43179893 -0.35827458 -11.07034683 4.59188175
7.70695400 0.10448262 -11.08553600 3.63034201
7.68648577 -0.07088636 -10.85062408 4.44783306
7.79700804 -0.01517654 -11.07260513 3.95424867
7.51797152 -0.36231065 -11.00034237 3.82798052
7.61246967 -0.71655834 -11.12995720 3.87924767
7.53710747 -1.07958186 -11.05826187 3.35035133
7.45331335 0.11298774 -11.27803802 2.57912731
7.22333288 -0.04751158 -11.20862007 2.94182301
7.15292406 -0.28949168 -11.20905399 2.28300714
7.34549999 -0.35557574 -11.13785267 3.92768478
7.41772223 -0.68752766 -11.34391308 3.33701396
7.41404819 -1.04126072 -11.52451134 3.88513875
