18.01134720 0.21841762 -8.17508068 5.14166346
18.08598137 0.40089132 -8.10924663 4.02727928
18.00074806 -0.25499229 -8.24696026 5.54089145
17.92187119 0.21727022 -8.06647453 4.62782745
17.85070686 -0.01249519 -8.10336781 4.69725456
18.02628899 -0.09931780 -8.04526519 3.96825132
17.91958199 -0.26321634 -8.17525310 4.34445190
17.95411224 -0.66403368 -8.16062908 5.18836451
17.87661858 -1.01849520 -8.21753406 5.28837643
18.10990143 0.22069844 -8.27703800 3.62089085
18.10675468 -0.00185740 -8.36972427 3.62283163
18.18818741 -0.14768894 -8.23040676 3.82853956
18.07196465 -0.26328682 -8.32966462 4.23349247
18.18939056 -0.65075256 -8.27279778 4.65206156
18.24303398 -1.02990195 -8.26277008 5.45018234
