27.82279816 0.06313982 -6.22968859 5.61808546
27.57501671 0.07449686 -6.33635441 3.93201970
27.91886162 -0.29992590 -6.18217987 5.44809099
27.88818207 0.06842974 -6.33933260 4.62400925
27.96186905 -0.16005107 -6.36732702 4.43453764
27.91285812 -0.35044522 -6.31866856 4.23410631
27.97583672 -0.29195580 -6.26688745 4.68818607
27.89699943 -0.63343850 -6.33653404 4.56575383
27.94709884 -1.01514657 -6.28874428 4.18882362
27.73654709 0.06892953 -6.12435683 4.11151502
27.69442085 -0.17541479 -6.11378067 3.74288577
27.78107231 -0.38188585 -6.09746284 4.30511866
27.87375518 -0.30412411 -6.09141872 4.28302191
27.77040718 -0.62576835 -6.08628237 4.49012995
27.84201004 -1.00110942 -6.03789614 4.49039230
