5.48137474 0.06967345 -8.71856212 3.84404226
5.52261028 0.25413858 -8.89524670 3.47066426
5.49186020 -0.43014343 -8.62415905 4.80380716
5.63798161 0.09634892 -8.68712635 3.66109810
5.87832174 -0.01517480 -8.62003269 3.01170173
6.10101109 -0.09675216 -8.66049060 2.35152158
5.60614328 -0.43243463 -8.60698452 3.81395579
5.67826271 -0.75343498 -8.80852699 3.91478558
5.55558491 -0.90725604 -8.49013805 3.00389852
5.32487555 0.04753358 -8.76907005 2.59462404
5.24066391 -0.20571262 -8.85755348 2.73960772
5.27747622 -0.35998495 -9.02023258 2.61503944
5.38332815 -0.42324764 -8.63826504 3.87808256
5.24876184 -0.78668978 -8.67036209 3.15815249
5.18006153 -1.07357240 -8.38159676 3.35191221
