17.66672147 0.33218752 -8.89175364 4.84013513
17.57178815 0.52687798 -8.75319792 3.14032570
17.63637949 -0.21407765 -8.86201305 5.09297575
17.53437017 0.33091373 -8.96290868 4.38167578
17.38321025 0.60946713 -8.92360694 4.43076773
17.46278229 0.67702515 -8.79002088 4.54174147
17.57404887 -0.21800834 -8.93689225 3.99816286
17.46079737 -0.62473604 -8.93613555 4.53330822
17.46221644 -1.02640052 -9.01670825 4.54958309
17.77288195 0.33198803 -8.79242833 3.46436140
17.72236277 0.61453644 -8.63927167 3.34988848
17.74173164 0.63341043 -8.52916082 4.85115032
17.70597165 -0.21752972 -8.79393972 4.13937060
17.68709196 -0.62662839 -8.73417403 4.05288407
17.81264827 -1.00386161 -8.81518199 4.45317529
