29.61999969 0.19377117 -9.43648148 4.34526863
29.38022385 0.33503648 -9.32018146 4.05535464
29.67836227 -0.33354126 -9.42693157 5.25762386
29.60593834 0.19094442 -9.59190636 4.07493515
29.62112198 -0.05463345 -9.71554470 3.87256842
29.45512772 -0.20116653 -9.80765266 3.29288631
29.66318016 -0.33186436 -9.51131821 4.75066767
29.75211907 -0.75576289 -9.43770904 4.87867937
30.07593041 -0.99325764 -9.36529541 4.46818219
29.67607536 0.20662309 -9.31023464 2.89280438
29.81046371 -0.03251931 -9.31462555 3.38765974
29.75057983 -0.19899836 -9.12707062 3.39645872
29.71571350 -0.32582697 -9.35358124 3.80874186
29.54397431 -0.72783382 -9.43045444 3.66944847
29.51233788 -1.12429688 -9.50719700 4.11262512
