17.87859154 0.32374004 -8.76201725 5.06417990
17.77850914 0.54077780 -8.63693047 2.46883774
17.85810471 -0.21782307 -8.71526146 5.35769272
17.72685814 0.32779536 -8.80478573 4.37048912
17.58982658 0.59900814 -8.79434013 4.51591730
17.58933830 0.70871097 -8.66513538 3.43863440
17.75242043 -0.21158716 -8.73910618 4.29921961
17.64685059 -0.62548482 -8.66049767 4.61757946
17.67941475 -0.97479767 -8.81735420 4.53921986
18.01769447 0.32333633 -8.69707298 3.55604482
18.03455162 0.55407876 -8.46150398 3.60152054
18.11317062 0.71602118 -8.35736561 3.79345417
17.97045898 -0.22352222 -8.70695877 4.27691269
17.97924614 -0.64972001 -8.72078800 4.06075859
17.97942162 -1.01581323 -8.86019993 4.40517473
