5.82068472 0.08138706 -9.20351429 4.50505662
5.92113390 0.23644580 -9.30481644 3.93756075
5.74035911 -0.39057937 -8.99295044 4.80790939
5.91035118 0.08238704 -9.10981445 3.75362892
5.97160644 -0.14148611 -8.97631798 3.44368305
6.11146641 -0.28591412 -9.05627212 2.81374483
5.84731655 -0.39464753 -8.98683777 3.94898138
5.95083838 -0.73414060 -9.20362739 4.03494716
5.87560930 -1.09095661 -9.29083252 3.42839966
5.73265247 0.08817472 -9.32412663 3.13645458
5.80723334 -0.07076884 -9.49135513 3.30778565
5.98330193 -0.04380566 -9.68732300 4.06017208
5.63294563 -0.39262346 -8.99954452 3.89338555
5.54093304 -0.77993591 -8.91779957 4.30382624
5.32631722 -0.90691321 -8.63350334 3.57536859
