23.48704338 0.26826409 -7.88239975 4.00165582
23.62913666 0.44285079 -7.96770249 4.02437239
23.46203346 -0.25178742 -7.89451847 4.97057533
23.47740670 0.26088080 -7.72881489 3.91471724
23.35552673 0.02726718 -7.68542271 3.75275583
23.32981415 -0.19441429 -7.65266237 3.24752302
23.45097160 -0.25294569 -7.78208256 3.96766496
23.61718025 -0.62007970 -7.74817038 4.35171661
23.55036202 -1.00021016 -7.76699000 4.42723694
23.49429512 0.28051122 -8.03651238 3.00041833
23.49375229 0.04940151 -8.15418110 3.01151199
23.61161270 -0.14057885 -8.13961887 3.22101531
23.45963631 -0.25867690 -8.00454006 3.92414022
23.43603020 -0.66318400 -8.00649090 3.90648718
23.34495926 -1.04755168 -7.96861858 4.22138147
