7.97697696 0.22374384 -10.85653457 3.70253892
8.14752083 0.43827680 -10.83701744 3.79534049
7.97781277 -0.29693255 -10.86218834 4.47021599
7.92845669 0.22258224 -10.70845261 3.30207448
7.89498224 -0.04486788 -10.64586868 3.06691647
7.92793522 -0.28435208 -10.63385353 2.63930693
7.96349926 -0.30354076 -10.75564079 3.82075124
8.12026443 -0.68578527 -10.77780838 3.83215961
8.20384121 -1.06634193 -10.81677818 3.53254099
8.02194901 0.22672753 -11.00590897 2.72607860
8.15438270 -0.02526750 -11.02418003 2.94324341
8.33748417 -0.13876809 -10.91470813 2.93063011
7.98671026 -0.29811724 -10.97291374 3.77658539
7.92810059 -0.68888214 -10.97329826 3.19572597
7.64772453 -0.96970900 -10.95590152 3.39926429
