3.67659807 0.23159762 -8.91298027 4.57817974
3.86142583 0.44985050 -8.91436882 4.06858916
3.67531004 -0.29843523 -8.83905449 5.11693306
3.66367740 0.25030846 -8.76388225 4.28448238
3.58856005 0.03484547 -8.66098156 4.01311946
3.74533715 -0.07737899 -8.61393967 4.22460327
3.69277067 -0.30094459 -8.73379097 4.19765034
3.82418051 -0.67816816 -8.74383450 5.05116443
3.57812305 -0.99485209 -8.66402588 4.37862530
3.69026642 0.21637251 -9.06437683 3.01560808
3.76976538 -0.04655597 -9.09250793 2.97383981
3.95840063 -0.01781490 -8.97499256 3.60555892
3.66211614 -0.31102785 -8.94259587 3.88715015
3.62816071 -0.69913663 -8.83332996 3.86429601
3.50577669 -1.06268349 -8.78072910 4.37034645
