18.23575554 0.25364670 -8.21110706 4.59943114
18.26645775 0.42538718 -8.03731175 4.29872494
18.21189080 -0.24451760 -8.26292706 5.10450316
18.14572868 0.24842164 -8.09370995 4.52228737
18.11137696 0.00150063 -8.06769848 4.33941669
18.27142944 -0.12426261 -8.03552017 5.03463297
18.13390922 -0.25410658 -8.18629627 4.08803444
18.10462379 -0.64806073 -8.16680145 4.68008060
17.98240471 -1.02779975 -8.17635288 4.46850357
18.34146919 0.25129299 -8.31487961 3.15562816
18.38908463 0.02406850 -8.44434833 3.08756857
18.41683044 -0.14405166 -8.31925697 4.05287723
18.28054466 -0.24484114 -8.34471321 4.08703461
18.32988853 -0.63855580 -8.39581147 4.15333929
18.30038986 -1.02869125 -8.48190174 4.50815925
