8.21613464 0.22799337 -10.37121830 3.81309719
8.19013138 0.43457642 -10.24460506 3.66830659
8.17604427 -0.31038961 -10.31250458 4.47241850
8.11210480 0.23701943 -10.47468013 3.58148947
7.84158993 0.16988582 -10.47992420 3.29265289
7.59729300 0.22332971 -10.40986977 3.03919444
8.14457664 -0.31000198 -10.41342068 3.77597298
8.22594357 -0.71302484 -10.36367455 3.96628604
8.47592144 -1.01761591 -10.41036453 3.46781869
8.32018108 0.21452579 -10.26073208 2.69567900
8.40880146 0.05895504 -10.04943047 2.98595152
8.44648819 0.00979647 -9.78935985 2.54870176
8.21393738 -0.30545714 -10.21016941 3.76389956
8.04873848 -0.66148518 -10.10535602 3.26216402
8.04721413 -1.04296274 -10.08175487 3.64371157
