7.84490169 -0.42634665 -10.77868597 3.93688165
8.06298217 -0.32238460 -10.78768057 3.39611141
7.58034649 -0.83010065 -10.80655094 4.92433855
7.85902039 -0.42353416 -10.63368726 3.52680331
7.90914407 -0.68990782 -10.63285452 3.52339449
8.08172124 -0.76028426 -10.74006767 2.79638622
7.58743215 -0.83439926 -10.69948696 4.19799324
7.99532265 -0.80479188 -10.62084107 3.75750430
7.73388666 -1.07714556 -10.67564786 3.55113589
7.85249337 -0.42899737 -10.92293083 2.75973842
7.88733461 -0.68506008 -10.98546930 2.84157228
8.03169241 -0.73413191 -10.84806281 3.05498724
7.55769105 -0.83608149 -10.90634863 3.99269104
7.94960278 -0.84301653 -10.98568191 3.95561898
7.71409093 -1.06697568 -10.89614045 3.37356401
