27.06628342 0.24785701 -6.58536825 4.33954048
26.89980964 0.42590360 -6.69140415 3.93983483
27.08042335 -0.27030646 -6.55936480 4.83143492
27.14745674 0.23938981 -6.71763382 3.75762577
27.19966126 -0.02852777 -6.75691166 3.45476499
27.12624016 -0.26207119 -6.80521421 2.91530995
27.13291932 -0.27260898 -6.65501309 3.87639880
27.04249153 -0.66412854 -6.66208754 4.58684759
27.15051574 -1.03386777 -6.57537260 3.99394441
26.99711151 0.26370182 -6.45062657 2.99093662
27.00651779 0.00477298 -6.33711596 3.23608117
26.93290863 -0.23286224 -6.30497684 3.38387713
27.03280945 -0.26920439 -6.46232519 4.06649818
26.86777840 -0.62445393 -6.50142670 4.22290697
26.97161407 -0.99191196 -6.45278549 4.20114183
