5.91961336 0.21889538 -7.94329538 3.79025016
5.82533140 0.38810300 -7.88251057 3.60919266
5.92431392 -0.30132425 -7.92775574 5.02246551
5.93289661 0.22406395 -8.11326027 3.15729361
5.96623507 -0.02117700 -8.20643597 3.00632725
5.75442887 -0.05757973 -8.25141239 2.63165612
5.92242927 -0.30559581 -8.04077568 4.01106548
5.81738558 -0.69948096 -7.98367853 4.80684500
5.77942562 -1.05949621 -7.98633547 4.09345846
5.88710651 0.21764199 -7.77841473 2.71830750
5.87728100 -0.01201039 -7.72940807 2.72626200
5.74521675 -0.01898953 -7.90619116 3.10872498
5.92026453 -0.29997291 -7.81608830 4.05466966
5.94254217 -0.69585346 -7.81739464 3.93858652
6.18148842 -0.90683676 -7.93247623 3.69551139
