28.68163092 0.61209846 -9.98599130 5.06469404
28.60931797 0.86601674 -9.89046941 3.18045904
28.80285379 0.02997497 -9.95075247 5.71607889
28.54568789 0.58411158 -9.99378346 4.26361730
28.49598975 0.71883612 -9.77128478 4.61652096
28.80883140 0.86911301 -10.03163462 5.19969368
28.71547489 0.07131123 -10.02081914 4.63159692
28.63906329 -0.31912038 -9.96707166 4.36884087
28.70802691 -0.68341177 -10.13709011 3.92062798
28.81152777 0.66624959 -9.96465297 3.37461898
28.91903110 0.90803526 -9.88203063 3.31172522
28.94575529 0.88097785 -9.92031130 5.36408263
28.85395352 0.04102827 -9.89002963 4.28174325
28.86639213 -0.31016131 -9.85017211 3.75441692
28.89044148 -0.65723616 -10.05097669 3.98270818
