11.70623836 0.19459048 -6.91843509 4.01415710
11.73207684 0.38038748 -6.74304686 4.18936100
11.63028679 -0.30950094 -6.90607939 4.69241562
11.55923862 0.22016777 -6.94193039 3.96919060
11.40690384 0.03438234 -6.96806955 4.03082247
11.56105594 0.00441115 -6.83079062 3.45270128
11.52407761 -0.30711881 -6.93022242 3.74404574
11.45224762 -0.70141672 -6.87427273 4.18456736
11.50672512 -0.92770194 -7.05269699 3.73982482
11.86085205 0.16947130 -6.92432881 2.81882019
11.90596733 -0.06745575 -7.01101618 3.18425026
11.83763809 -0.07218548 -6.81786413 2.52747197
11.73537331 -0.32127440 -6.88408508 4.07805720
11.65865688 -0.71148584 -6.81561708 3.68567033
11.65099811 -1.01542403 -6.98223648 4.49010468
