2.82193985 0.18240511 -4.18170014 3.91830463
2.61357451 0.33762736 -4.12096310 3.72136445
2.86157575 -0.38187834 -4.19628887 4.81074219
2.74863963 0.19076469 -4.32078686 3.43820319
2.74625716 -0.05060085 -4.45343885 2.96296296
2.56006003 -0.20650237 -4.38375769 2.49132767
2.83191891 -0.38246527 -4.30347443 4.00434103
2.79938326 -0.77033136 -4.21165724 4.61993589
3.13005209 -0.98933339 -4.20476408 3.86189198
2.89541068 0.17877396 -4.04107599 2.96014714
3.06946092 -0.04214989 -3.99489389 2.75790882
3.15312676 -0.25970849 -3.91328821 2.42710450
2.88697719 -0.37702060 -4.08335371 3.88826575
2.68432150 -0.73564277 -4.05113516 3.94457989
2.61685925 -1.14776490 -4.03146391 4.41706238
