7.83483143 -0.46129970 -10.81122684 3.46795263
8.03883209 -0.33043333 -10.82640095 3.50476790
7.57510910 -0.90095312 -10.84401951 5.03120956
7.83853674 -0.46051300 -10.65956287 3.22892065
7.86886025 -0.72413843 -10.62943668 3.26166782
8.07419853 -0.75807288 -10.71665020 2.46824279
7.59639530 -0.88656263 -10.73611221 4.46711664
8.01143646 -0.82761398 -10.62439671 3.39382310
7.72457686 -1.08366289 -10.67884273 3.51631236
7.83714790 -0.46478430 -10.95859814 2.53837494
7.88884201 -0.72981327 -10.99950409 3.21102199
8.09450741 -0.77180012 -10.88906670 2.23848438
7.54582529 -0.91185499 -10.94982052 3.90501251
7.94582644 -0.84564381 -11.03578034 3.67002526
7.70950775 -1.07435820 -10.90745563 3.16416035
