27.73330879 0.20882719 -8.10838680 4.71574793
27.47235947 0.18421528 -8.07552071 3.84336700
27.86856995 -0.29300630 -8.12469483 5.54242935
27.73563995 0.20696403 -8.25751763 4.28034573
27.89712753 0.00490403 -8.31301155 4.20905380
27.66858215 -0.04819121 -8.24072094 3.65213237
27.80306740 -0.30126204 -8.20115184 4.54186554
27.65883332 -0.69442221 -8.10392018 4.97984143
27.61849213 -1.05739749 -8.18571510 4.47127094
27.75154495 0.22442052 -7.96378689 3.48027754
27.85995063 0.00691621 -7.89900322 3.53437080
27.64292488 -0.04858027 -7.89797907 3.97259206
27.93357544 -0.29449391 -8.05196095 4.21561613
27.96061211 -0.69595783 -7.98796272 4.55482474
28.14498901 -1.03960469 -8.05161877 5.26319361
