3.71210813 0.25313341 -7.89572048 4.30245018
3.87419886 0.44485898 -7.91434736 3.54229922
3.63648739 -0.30246792 -7.89575233 4.64592027
3.72403088 0.26228763 -7.73947258 3.75739288
3.95768661 0.15813925 -7.63598518 3.35151109
4.06636162 0.22056847 -7.82421999 3.04662619
3.61103640 -0.29961093 -7.78385048 3.87243385
3.59896889 -0.70637907 -7.78569870 3.92333698
3.45217147 -1.08933871 -7.83103104 3.42509136
3.70889249 0.24158221 -8.05782356 2.81718135
3.91584654 0.07615629 -8.05521049 3.06757536
4.10748243 0.18201694 -7.93973027 3.06879497
3.66012044 -0.30777712 -8.01014271 3.87711067
3.71074806 -0.69772077 -7.99367447 3.83393631
3.49745736 -1.04442069 -7.97860746 3.72622481
