8.22271061 0.26576791 -10.79888172 3.68640146
8.41948395 0.46413465 -10.78238525 3.76132536
8.21568393 -0.26937323 -10.81853237 4.50976591
8.20319729 0.26150621 -10.63615322 3.31574921
8.19224014 -0.01300375 -10.57342301 3.25915370
8.27929706 -0.23229928 -10.58023815 2.41144285
8.19178887 -0.27280814 -10.71108932 3.69397702
8.24575825 -0.65908537 -10.74465199 3.85554610
8.22449379 -1.05822735 -10.81001644 3.50097508
8.23616886 0.26284955 -10.96771965 2.58302221
8.25326996 -0.01511987 -11.03387813 2.85099568
8.32211971 -0.24386053 -11.04219113 2.54415984
8.23591366 -0.26878368 -10.92667274 3.85489168
8.40525417 -0.62578083 -10.92450504 3.67175188
8.18563919 -0.93207352 -10.93417454 3.41690145
