7.94438763 0.15443513 -10.29535160 3.85537234
7.96140070 0.33511772 -10.12165012 3.49387789
7.89743443 -0.34794693 -10.26420727 4.45452204
7.82355251 0.16373426 -10.38784332 3.51720262
7.64534941 -0.02435801 -10.39881458 3.19970445
7.47191134 -0.15304447 -10.29907456 2.63929296
7.82943201 -0.34697109 -10.34152241 3.65185466
7.68721056 -0.69825213 -10.21931458 3.99928570
7.90145750 -0.98081825 -10.39009838 3.09683251
8.07025833 0.14317351 -10.20514355 2.66308736
8.08248806 -0.04976718 -10.00863037 2.92357698
8.05255375 -0.18192985 -9.79054050 2.57696319
7.96069260 -0.35106454 -10.17918148 3.83036642
7.75822430 -0.68070965 -10.04367905 3.39436355
7.80644102 -1.05821934 -10.03671989 3.50971236
