16.74955597 0.08698462 -8.87773571 5.19547128
16.68175697 0.14605747 -8.63529739 3.92423534
16.77909394 -0.24815369 -9.19342918 5.15387097
16.61183548 0.08836939 -8.89443436 4.33415756
16.60100899 -0.14006780 -9.04378930 3.62216525
16.61009216 -0.38555002 -9.07418194 3.25611648
16.67817231 -0.26998443 -9.18837128 4.29101019
16.71052627 -0.64731435 -9.12693901 4.39664068
16.69131241 -1.03331313 -9.12981624 3.99858771
16.88901978 0.07886978 -8.85873070 3.43130035
16.93180580 -0.14810729 -8.98886833 3.41414252
16.83779259 -0.37219502 -9.02792359 3.75870447
16.87348213 -0.24643370 -9.21784668 4.22205696
16.93542557 -0.64039404 -9.22677231 4.01599092
16.97120934 -1.02262712 -9.23974266 3.83869524
