25.75522270 0.31537506 -7.44391251 4.21774798
25.66151199 0.48933887 -7.58224001 3.87732410
25.69844742 -0.22308141 -7.44649515 4.91344538
25.91184539 0.30447541 -7.50254936 3.69440279
26.00581474 0.04864907 -7.50504227 3.37893134
25.98921699 -0.19402145 -7.53030405 3.17404089
25.79921532 -0.23097687 -7.48724031 4.14068498
25.82467804 -0.61826193 -7.55870876 4.19399404
25.78543892 -1.02205963 -7.49188328 3.15187950
25.59676247 0.32001832 -7.38673010 2.85346351
25.50891037 0.07949141 -7.32097130 3.05749803
25.52252464 0.12257895 -7.54064874 2.90575986
25.59254990 -0.22238371 -7.41990776 3.90424418
25.51007843 -0.59782120 -7.54753857 3.45374460
25.48668099 -0.94137968 -7.35962954 3.51378527
