5.82704630 0.23815383 -9.97315197 3.76628251
5.74881763 0.42528790 -9.80318451 3.63904648
5.86094141 -0.28790439 -9.99855156 4.56663323
5.66635542 0.22879291 -9.99653626 3.22152390
5.60123539 -0.02945136 -10.05892677 2.90768952
5.69468966 -0.09937417 -9.85242939 2.31480837
5.75111008 -0.28337136 -9.98564186 3.46590390
5.72252827 -0.64019715 -9.83056736 3.80526390
5.70442133 -1.03304837 -9.75574188 3.31018767
5.99549875 0.23576057 -9.94829559 2.67042289
6.03307200 -0.02190341 -9.87698612 2.92549129
5.82544918 -0.08116377 -9.74158210 2.51667111
5.97292738 -0.29303893 -10.00774307 3.70235176
5.99521876 -0.67951076 -10.08064842 3.23619022
6.00887050 -1.06590941 -10.21574154 3.59540167
