17.58632545 0.34036313 -8.91774635 4.92992086
17.47472954 0.54312160 -8.78478584 2.92345142
17.55674515 -0.19962394 -8.89190407 5.08090334
17.46575584 0.33597941 -9.00376473 4.38106956
17.28461876 0.61180826 -8.95276489 4.46690292
17.35755005 0.68446641 -8.81796894 4.48166380
17.50738831 -0.20558927 -8.97513237 3.96178741
17.42724648 -0.62173939 -8.97012672 4.55917472
17.44599380 -1.02557130 -9.02018566 4.55369692
17.68305092 0.33905168 -8.80971050 3.61582785
17.63100777 0.62642218 -8.66440640 3.28285670
17.64087105 0.59605465 -8.57927322 5.37991218
17.61107216 -0.20233728 -8.81196289 4.12435817
17.55564575 -0.60970015 -8.73829136 3.96135072
17.68834191 -0.98355189 -8.79179058 4.44737950
