7.85411062 0.24647503 -10.06442089 4.45869751
7.75849972 0.42354269 -9.94871349 4.09904108
7.85597763 -0.26438628 -10.09986210 4.82150936
7.75745163 0.26131072 -10.18669967 3.95600910
7.73904934 0.02576886 -10.31070881 3.31836744
7.68395090 -0.20180849 -10.26570778 3.21162390
7.79588566 -0.26500659 -10.19388122 3.75049972
7.69973917 -0.64658491 -10.20371857 4.34927397
7.73586883 -1.04589669 -10.30301170 3.70453439
7.92475529 0.23940723 -9.92752666 2.97670765
8.05072861 0.01503965 -9.80380268 3.16319799
8.05167790 -0.12547422 -9.60225563 3.64230594
7.92282124 -0.26911384 -10.01128369 3.99507618
7.97248287 -0.65701070 -9.97272587 3.79357867
8.04326878 -1.05385504 -9.93749237 4.06239672
