10.93437767 0.13700870 -11.26919174 4.47961187
10.69828320 0.27913633 -11.21802616 4.57611322
10.99238396 -0.37183392 -11.32432270 4.92731524
10.80796051 0.14743085 -11.38168716 3.99776483
10.81619835 -0.11031289 -11.49836540 3.64235926
10.86078072 -0.34479243 -11.50561333 3.30078793
10.88544655 -0.37317902 -11.36922359 3.91063452
10.87214947 -0.72170836 -11.25825977 4.91097975
10.93339348 -1.06524765 -11.38486099 5.58570099
11.07259274 0.13885626 -11.17368221 2.89962959
11.18209457 -0.12021206 -11.17547607 3.16452765
11.13540649 -0.31817141 -11.08713245 2.99421287
11.10155487 -0.37249476 -11.28302002 4.16246605
11.09461117 -0.72161043 -11.26059532 4.12345219
11.16282940 -1.01388526 -11.40671062 5.85864067
