22.77442360 0.22174166 -9.86953259 4.04224205
22.76835251 0.39905012 -9.68662453 4.08386087
22.76582146 -0.30495387 -9.92932606 4.61005354
22.61147690 0.22849081 -9.89854145 3.52137446
22.56158066 -0.01266124 -10.03174210 3.35922480
22.54065132 -0.24624783 -10.01425076 1.61591864
22.65110397 -0.30430317 -9.94447136 3.37545919
22.59986496 -0.65985274 -9.89235401 3.48014259
22.55558395 -1.02851832 -9.98136044 3.31407022
22.93722153 0.21313706 -9.84766579 2.63309550
23.02665901 -0.04159772 -9.90601635 3.00411940
23.08355904 -0.27470613 -9.88716602 3.70125890
22.88363838 -0.31309927 -9.91958427 4.07625389
22.93731117 -0.67396879 -9.90588570 3.49922895
22.99025726 -1.05739975 -9.93705940 3.64657736
