16.12283516 0.26351231 -7.82104778 4.28937292
16.36249161 0.44254094 -7.77537727 4.44442511
16.08641052 -0.24397078 -7.81707859 4.99103355
16.13051033 0.27905220 -7.67089319 4.21677446
16.00440788 0.11744142 -7.54499340 4.36450720
16.10960388 -0.05499795 -7.60045290 3.41319966
16.10308266 -0.25032827 -7.70883608 4.11271667
16.23919106 -0.63672012 -7.75096798 4.44034004
16.29485703 -1.01633811 -7.78384161 4.29541731
16.11144447 0.25661281 -7.97296906 3.05840135
16.08012772 0.03759282 -8.09754562 3.13971233
16.27175713 -0.04339708 -7.99512291 3.98297071
16.07619286 -0.24627133 -7.92598009 3.97249818
16.02060890 -0.63488162 -7.90092516 3.91461658
15.88173199 -0.94030476 -7.87804937 5.18240118
