10.29174137 0.20284137 -11.25099468 4.32872915
10.23569584 0.42139176 -11.13638401 4.18129826
10.23919582 -0.35324109 -11.21331501 4.95266581
10.20022297 0.19937564 -11.37770271 3.80450416
10.18914032 -0.07187432 -11.40589809 3.72986221
10.15816784 -0.30960831 -11.37807465 2.96017981
10.19529438 -0.35712379 -11.31411743 3.92899370
10.20201874 -0.72090650 -11.35471535 4.42978382
10.24905968 -1.09222221 -11.36935902 4.15636253
10.38051987 0.19976828 -11.12510300 2.87671399
10.43518543 -0.07320057 -11.10229874 3.06646752
10.36719608 -0.30906036 -11.05315876 2.97862673
10.29281425 -0.35820818 -11.11775208 3.91526222
10.30017853 -0.72274458 -11.13609695 3.87869096
10.38313961 -1.08936393 -11.12243462 4.09879589
