17.64329147 0.16906634 -10.16010380 4.83753204
17.65537643 0.31402621 -10.00053978 4.11922932
17.66314888 -0.34063610 -10.22640800 5.02646732
17.50079155 0.20077249 -10.21693802 4.46977711
17.34181023 0.05136494 -10.35138893 3.57070041
17.32770348 -0.12689354 -10.23461342 3.57971978
17.56600952 -0.33744499 -10.27995777 4.12837219
17.42834854 -0.69420147 -10.23931026 4.41187620
17.34237099 -1.02871764 -10.40145493 3.93247366
17.80353546 0.16141266 -10.11482620 3.57834649
17.91417503 -0.08809955 -10.14551449 3.49301767
17.89062500 -0.20391113 -9.96049213 3.83309197
17.76196861 -0.34276789 -10.17738819 4.13632488
17.86106873 -0.70139998 -10.07894516 3.77520370
18.02593040 -1.04902971 -10.09510803 4.06791830
