10.23070450 0.09821955 -9.93816795 4.32462607
10.44164734 0.28882152 -9.96309452 3.88203640
10.11983452 -0.39032229 -9.91339531 5.10858698
10.26729431 0.10757094 -9.79662914 4.20043554
10.29181805 -0.10642127 -9.68198395 3.81003442
10.49608383 -0.18677556 -9.76796169 4.61258564
10.13472901 -0.39096275 -9.80414848 4.17449703
10.28150807 -0.74655508 -9.80113125 4.73260613
10.00076790 -0.89148519 -9.73174324 4.76130075
10.19826832 0.09298546 -10.08363037 3.17272472
10.16950665 -0.15460415 -10.14418907 3.02455382
10.38374024 -0.22300497 -10.18576279 2.98223242
10.09172973 -0.39024389 -10.02016507 4.03088656
10.19885311 -0.73664269 -10.14780903 3.94616232
10.02994938 -1.06355147 -10.18391304 4.22385597
