12.51228333 0.15580532 -5.78095007 4.00023746
12.35784912 0.33624664 -5.68246078 3.92505646
12.52208805 -0.38180077 -5.71078110 4.74937630
12.38632107 0.15872826 -5.86948109 3.61299753
12.32929039 -0.08888424 -5.88849115 3.49730778
12.28899765 -0.16172050 -5.65044498 2.91301465
12.41721058 -0.38197595 -5.74938440 3.95526266
12.25819969 -0.71557021 -5.63271618 4.26863337
12.14200211 -1.05817747 -5.65832710 3.81644011
12.62492275 0.16531958 -5.68346119 2.87457800
12.66886806 -0.08652496 -5.65197086 3.00213838
12.54060936 -0.20700106 -5.49786568 3.10263109
12.61872196 -0.37791440 -5.65656614 3.91307020
12.66492939 -0.72394532 -5.54216146 3.77213669
12.82417488 -1.03593910 -5.62146235 4.02906418
