10.01551323 -0.05870447 -11.66092205 3.75846415
9.84009876 0.09581518 -11.62488441 3.43652592
10.18659649 -0.49209728 -11.61500092 4.53465109
10.00625744 -0.06889887 -11.81347637 3.23714237
9.94709148 -0.33003206 -11.80182896 3.45266972
9.79963417 -0.46978490 -11.65103874 3.03601771
10.19335365 -0.48918217 -11.72211762 3.65017491
9.97298355 -0.76042689 -11.83933430 3.93557844
9.97896595 -1.09019141 -11.98887291 3.25726805
10.00333690 -0.04984247 -11.50690670 2.63626289
9.97229557 -0.29737344 -11.43388844 2.87164993
9.80587788 -0.46849820 -11.39503632 2.82344651
10.18860626 -0.49292729 -11.50889340 3.75365381
10.14197578 -0.78591685 -11.27621631 3.39439569
10.29748917 -1.09102404 -11.10206242 3.70460787
