26.19293976 0.15344532 -13.85212994 4.46280670
26.08206940 0.32884857 -13.71593571 4.23411322
26.25060463 -0.36409020 -13.88898563 5.32362986
26.12151718 0.16528314 -13.99500751 3.95048285
26.13173866 -0.06295525 -14.10600758 3.49902296
26.01289940 -0.24332891 -14.01179790 3.30125570
26.21181870 -0.36535546 -13.98352337 4.29899883
26.19995499 -0.73531830 -13.95972538 4.36184454
26.45456886 -0.97177416 -14.07320118 3.64489889
26.28088570 0.14411125 -13.71866798 3.28651834
26.31075859 -0.11560187 -13.65437889 3.35811377
26.02566910 -0.13521959 -13.67495251 3.97394729
26.28518677 -0.36521715 -13.79177666 4.34079361
26.28147507 -0.74351937 -13.73289299 3.99565864
26.40083504 -1.08600891 -13.72473335 4.09122515
