23.93825226 0.19282607 -11.59122352 4.13964157
23.77695656 0.39331910 -11.54777450 4.09586639
23.90613633 -0.33042637 -11.59678822 4.77130775
23.93460503 0.20254568 -11.75390301 3.67566238
23.79819145 -0.01775264 -11.84187603 3.62916527
23.65525818 0.00985736 -11.69344463 3.35402479
23.93449059 -0.33332983 -11.69958058 3.93548470
24.00043793 -0.71949632 -11.69485187 3.82353263
24.19747467 -1.01968408 -11.66146660 3.08835373
23.95491753 0.18069871 -11.43221321 2.81112885
24.03609696 -0.05902115 -11.36683483 3.07623148
24.08521919 -0.28691338 -11.31414051 2.85940542
23.88561630 -0.33249504 -11.49197254 4.00745993
23.74778595 -0.70024083 -11.52839908 3.38501864
23.66848831 -1.06314349 -11.56413364 3.17877579
