20.90474205 0.20195006 -11.46400509 4.19034185
20.97639466 0.39328973 -11.34360199 3.91695414
20.90681457 -0.33084624 -11.43495979 4.61212196
20.73964844 0.21502790 -11.50390987 3.90518050
20.54960022 0.04143273 -11.44707852 3.74264135
20.47393341 -0.01913596 -11.26740265 4.04472027
20.80947494 -0.32785534 -11.47933789 3.71321816
20.74484978 -0.69691951 -11.48011933 4.08943272
20.75065498 -1.02825949 -11.62411518 3.80677810
21.07027397 0.19295170 -11.43936501 2.79650082
21.12425232 -0.06408440 -11.42221546 3.06165023
21.14330559 -0.26567565 -11.30422859 3.22596874
21.01428642 -0.33760127 -11.40709476 3.94800935
21.00281868 -0.69707936 -11.32875882 3.57587232
20.99181786 -1.06316163 -11.37241821 4.05624790
