11.97383785 0.22081955 -9.67692566 3.51962757
12.20595455 0.40545273 -9.67778778 3.73384428
12.00697803 -0.30942452 -9.68311977 4.40962791
11.96550369 0.23382795 -9.52213955 3.34456491
12.05093670 -0.00175538 -9.44674969 3.51577210
12.28019810 -0.04854627 -9.49421406 3.76046562
11.98389053 -0.30874074 -9.57938099 3.51384616
11.97951031 -0.69451982 -9.63202763 3.73635983
11.86502838 -1.05224621 -9.68204117 3.59666538
11.96990395 0.20673312 -9.83607960 2.60733318
11.94850826 -0.05296145 -9.90348530 2.99838543
11.95615959 -0.28069276 -9.98108673 2.52408051
12.03338051 -0.30783111 -9.78467655 3.78201246
12.22391224 -0.65495491 -9.77761745 3.58810115
12.19126415 -1.03998506 -9.75183392 3.82251310
