23.59625244 0.19342294 -10.26654911 3.94052315
23.75883484 0.34503075 -10.26203728 3.77920747
23.63748550 -0.32656607 -10.28587627 4.86504507
23.55469513 0.19302629 -10.11911488 3.60788465
23.50077057 -0.04947707 -10.09333897 3.54264641
23.70669556 0.00890500 -10.13882828 2.86560631
23.62190628 -0.33514753 -10.17695045 3.91222882
23.75092888 -0.68427026 -10.15479088 4.07792997
23.81760216 -1.04617417 -10.16307831 3.08856821
23.62857628 0.20081024 -10.41866684 2.93597460
23.66221619 -0.03904343 -10.48405647 2.88191128
23.85707664 -0.16962478 -10.40189266 3.01782203
23.64292526 -0.32336074 -10.39422989 3.93130636
23.53344154 -0.68997848 -10.41355705 3.25441933
23.33809853 -1.01594687 -10.43337917 3.41157389
