26.85218086 0.20967310 -9.18607464 4.35500269
26.90818977 0.37138397 -9.35943928 3.81482029
26.85789833 -0.30399334 -9.20275707 4.80057679
27.01557083 0.21846561 -9.18543530 3.85582914
27.05999374 -0.05331071 -9.13825378 3.47244458
27.05658531 -0.29095088 -9.13399105 2.44469075
26.96650238 -0.30618231 -9.21523971 3.80457936
26.98564530 -0.68515981 -9.27004109 3.83381767
26.98001480 -1.06442618 -9.26743831 2.76585679
26.69167862 0.19980222 -9.18562851 2.69460621
26.62560692 -0.06353657 -9.15161133 2.81527472
26.60835304 -0.28802090 -9.24981460 2.46785736
26.74801025 -0.30847771 -9.19208164 3.86249723
26.69669037 -0.68759420 -9.16418419 3.61258593
26.67691383 -0.98428783 -8.93258686 3.07697949
