26.72031899 0.21017652 -9.65009632 4.08880901
26.50687446 0.37749389 -9.67766037 3.88503270
26.78777924 -0.30698944 -9.62750740 4.74979496
26.74384918 0.21271369 -9.81039276 3.42245684
26.80358620 -0.05026829 -9.87253227 3.45453329
26.73007049 -0.28185196 -9.90433655 2.80812445
26.81324691 -0.30480945 -9.73785858 3.92815838
26.78127060 -0.68216912 -9.74057655 3.86956396
26.79171524 -1.07087655 -9.72916431 2.87305842
26.70604706 0.21838882 -9.49227829 2.78581771
26.75678520 -0.03708856 -9.40678864 2.92368846
26.66953659 -0.24365603 -9.37217388 2.27361674
26.76484833 -0.31148664 -9.51739292 3.83688178
26.68333511 -0.67519587 -9.47745018 3.67639475
26.77781562 -1.03213050 -9.46514740 3.42866349
