11.39251403 0.21167488 -9.81135540 3.49158726
11.60076160 0.37763069 -9.80431003 3.61469870
11.38381157 -0.32005578 -9.81631432 4.49625015
11.37719117 0.21994775 -9.65499687 3.33687081
11.25053520 0.00858528 -9.57224159 3.21570454
11.39501381 -0.16894648 -9.58598709 2.55695805
11.39033108 -0.32039703 -9.70891457 3.61949649
11.57182903 -0.68328106 -9.70577278 4.04813233
11.62810593 -1.03881557 -9.68221569 3.69354901
11.42034855 0.20982857 -9.96788063 2.67208672
11.40825291 -0.02768342 -10.07542476 2.93856049
11.58522148 -0.17038182 -10.03252983 2.48071489
11.37662639 -0.32052459 -9.92445107 3.71487646
11.31695232 -0.70326148 -9.92205505 3.34527936
11.18525238 -1.04133513 -9.90567970 3.56903496
