22.65347405 0.19959100 -11.61562309 4.48623390
22.54184189 0.35409463 -11.65947342 2.67211576
22.64350281 -0.33304841 -11.64456959 4.65465832
22.69341278 0.21765039 -11.76084423 4.17709541
22.44314690 0.18893215 -11.84476089 3.67982817
22.33288345 0.23913126 -11.74162732 3.68100290
22.67088432 -0.32780894 -11.74384022 3.82825880
22.65480805 -0.70071510 -11.77288208 3.86927190
22.89312362 -0.96615095 -11.76650467 3.31539245
22.63846969 0.17614466 -11.46605244 2.84946041
22.66216545 -0.07861160 -11.39792080 3.05407739
22.61348190 -0.31757317 -11.35765190 2.99713392
22.62007599 -0.33622169 -11.54109993 3.80443740
22.50494500 -0.70988898 -11.54387417 3.40757184
22.50828590 -1.07007239 -11.55337124 3.82839298
