29.03828278 0.06423350 -10.43833027 4.73749809
28.91797447 0.27108219 -10.30340767 3.80578156
29.12707939 -0.48685965 -10.51786175 5.56033134
28.91287232 0.06950424 -10.53752689 4.17569275
28.86314164 -0.18667458 -10.55198193 3.90829845
28.85248069 -0.09088489 -10.32514515 3.58105612
29.03345795 -0.48666087 -10.56673603 4.36914844
28.94116783 -0.86721426 -10.55273228 4.74086513
28.94714928 -1.18333740 -10.73797092 4.68752394
29.14758492 0.06258623 -10.34059353 3.66628198
29.21158638 -0.19496045 -10.29938354 3.74183884
29.38076821 -0.38225094 -10.36445408 3.65470734
29.22555237 -0.48410257 -10.48173466 4.11234579
29.32018394 -0.81673028 -10.30274315 4.16032458
29.49920883 -1.11872289 -10.26628914 4.55461597
