22.03994560 0.17332478 -13.59421539 3.88717437
21.84723663 0.37145153 -13.55449581 3.99224329
22.09921265 -0.34253651 -13.55532074 4.61675835
22.04929161 0.17676473 -13.75670910 3.73840833
22.17676353 -0.02370850 -13.84310722 4.04311943
21.99637413 -0.10436592 -13.78175831 3.08117437
22.09833908 -0.34952414 -13.66047192 3.61330795
21.96319771 -0.71176475 -13.64656734 4.03582096
22.00779343 -1.07663524 -13.62293434 3.99233270
22.03526878 0.17763680 -13.43301392 2.80799723
22.08351135 -0.04861268 -13.31551075 3.11150885
21.89744568 -0.10909173 -13.40183067 3.43962932
22.10598755 -0.34139270 -13.45049095 3.94177389
22.09679031 -0.71603805 -13.46717167 3.54756927
22.45028687 -0.84271270 -13.49670982 3.48799372
