27.62101670 0.21882378 -10.52040882 4.40478401
27.45117989 0.40369175 -10.56111278 3.95095883
27.63716774 -0.30726334 -10.53283634 4.78288593
27.56702423 0.22897545 -10.65711479 4.06324253
27.50300560 0.01472594 -10.78603973 3.79128366
27.50492554 -0.11534138 -10.61919117 3.27155733
27.61207924 -0.30146494 -10.64184112 4.07455682
27.59449387 -0.69297328 -10.62625275 4.05925226
27.61302986 -1.07476742 -10.65066661 3.14038777
27.67961273 0.21021579 -10.38360481 3.16612358
27.80780030 0.01862419 -10.26289997 2.80908217
27.64290657 -0.09915728 -10.33376923 2.48917036
27.67788239 -0.31202392 -10.43229465 4.09162512
27.67714997 -0.69833199 -10.40380954 3.51701398
27.77090149 -1.06059401 -10.41636028 3.73092137
