16.92220688 0.17400277 -11.71166420 4.37251902
16.92979813 0.36674598 -11.57014561 4.29309893
16.93581009 -0.35329288 -11.71687698 5.01349878
16.82067871 0.17909716 -11.61154175 4.05561161
16.70965767 -0.04625792 -11.61381149 3.72978783
16.88359833 -0.12059356 -11.50879765 4.07316256
16.87539482 -0.35730842 -11.63171959 4.02587509
16.99727821 -0.70151031 -11.61759853 4.35853910
16.73877716 -0.96151185 -11.71382904 4.09918690
17.03357506 0.17612126 -11.80021858 2.98883986
17.13057899 -0.04115802 -11.86674023 3.26660538
17.23998070 -0.05571519 -11.66598320 3.56953716
16.98800087 -0.35133398 -11.80726242 4.13316917
16.92105293 -0.72794336 -11.79838276 3.97101331
16.78865623 -1.03800845 -11.85902119 4.45076990
