26.18227234 0.16352035 -11.04709854 4.22963142
26.31011391 0.35116965 -10.96609554 4.28913756
26.24305039 -0.35166626 -11.05149384 5.04376020
26.17480392 0.18095831 -10.88447914 4.03900666
26.04656563 -0.04622867 -10.80923214 3.71993885
26.27726593 -0.06291937 -10.88241558 2.73837738
26.19722709 -0.35486559 -10.94513188 3.94871536
26.18601341 -0.75484101 -10.99445172 4.62172318
25.97816276 -1.01868794 -11.11049843 4.50492067
26.20060577 0.15558100 -11.21063995 3.02855616
26.13094521 -0.05629413 -11.32512970 2.83088293
26.30130386 -0.16683649 -11.28005829 3.27102556
26.28241959 -0.35194967 -11.15841293 3.90511904
26.44846726 -0.70375674 -11.10912228 3.96154776
26.43188591 -1.06115441 -11.12595844 4.05232787
