30.82667840 0.17974020 -8.78787146 4.56706224
30.76069008 0.38016408 -8.72549916 3.95144720
30.88014931 -0.36868473 -8.76765448 5.16823687
30.81594248 0.17310313 -8.86015457 3.97154676
30.62700149 0.06581007 -8.92184950 3.83722247
30.58352197 0.19290778 -8.87708144 3.53101519
30.90012747 -0.37124018 -8.77387508 4.47785480
30.94391891 -0.75286513 -8.68980160 4.79679827
30.97464188 -1.14231261 -8.54038377 4.30687681
30.84397912 0.18340362 -8.72174930 2.90976192
30.78608469 0.13659704 -8.72536316 3.04576324
30.73702330 0.22076350 -8.77255274 3.94595874
30.85167706 -0.36046891 -8.78113348 4.00002750
30.89528912 -0.71509589 -8.81017645 3.81066505
30.80148368 -1.05654971 -8.79868093 4.37088568
