28.89864731 0.15647504 -10.20063210 4.15750313
28.68476486 0.35883936 -10.14774609 4.06034565
28.95145607 -0.37216520 -10.22986794 5.10293341
28.79874039 0.15746534 -10.32015800 3.87537074
28.77142906 -0.10200284 -10.39107037 3.72379208
28.63883400 -0.31028721 -10.33395672 2.78534818
28.87255478 -0.37655148 -10.30339432 4.04698610
28.84711266 -0.76587570 -10.26820755 4.34892035
28.92334747 -1.14460444 -10.36453724 4.08658981
29.00658798 0.16358045 -10.09367085 3.12336302
29.09821320 -0.10334195 -10.08473206 3.33097410
29.11264992 -0.32556847 -10.01898575 3.33952045
29.03095818 -0.37104928 -10.16329861 4.04810858
29.02209282 -0.75059056 -10.05839443 3.80244756
29.11710930 -1.11126423 -10.10340977 4.44069290
