11.48449688 0.20409977 -9.78719864 3.51163053
11.68369446 0.36406195 -9.77737598 3.59857893
11.48060417 -0.33074102 -9.79709568 4.51790762
11.46609269 0.20890766 -9.62700157 3.32671843
11.32174282 -0.00151055 -9.56253357 3.18403321
11.45900536 -0.18817617 -9.55857125 2.55701256
11.48883133 -0.33434783 -9.69055061 3.64305940
11.66571235 -0.70216652 -9.69454670 4.01346317
11.77827454 -1.04885025 -9.65001602 3.70510077
11.51549015 0.20284526 -9.94699211 2.75908709
11.50886784 -0.03198239 -10.05790996 2.88846617
11.70172215 -0.15100264 -10.01529579 2.28784495
11.47027626 -0.32987978 -9.90567322 3.69603787
11.39024353 -0.71449265 -9.91143418 3.35082698
11.20822449 -1.02629597 -9.90618686 3.63064527
