26.51285019 0.20759096 -9.17272568 4.18570394
26.31356087 0.36819897 -9.17851696 4.16663790
26.65385399 -0.30170251 -9.18719826 4.52465315
26.58386459 0.22520276 -9.31197872 3.80741529
26.74522056 0.03520881 -9.36295204 3.27900839
26.54657669 -0.06861918 -9.39171143 2.71528525
26.65707322 -0.29865372 -9.29249267 3.70441642
26.45583153 -0.64510063 -9.29872341 4.04015646
26.66620636 -0.89183023 -9.25550194 2.74686966
26.46164284 0.19465828 -9.03097458 2.71864953
26.46871682 -0.04598560 -8.92927742 3.15132356
26.30352745 -0.03690191 -9.06150647 3.81194453
26.65303879 -0.30797034 -9.07901802 3.82451496
26.70170631 -0.69591380 -9.11142254 3.40837779
26.90572586 -1.00966731 -9.14511699 3.30625596
