26.31078148 0.17124929 -9.31108284 4.17743826
26.32868385 0.33463556 -9.13593292 4.12460232
26.33153725 -0.35686654 -9.35719776 4.95149040
26.17981148 0.17908889 -9.22116852 4.00298595
26.03465462 -0.03969899 -9.28816700 3.43889236
26.19799042 -0.13478944 -9.15777493 3.00430655
26.27382851 -0.36141607 -9.27248573 4.01624250
26.44161987 -0.72616935 -9.27411175 4.11728811
26.34779549 -1.05703831 -9.31383705 2.91758633
26.44049644 0.16111411 -9.40446091 2.79620481
26.48514366 -0.06164384 -9.53260040 2.84269857
26.60644341 -0.14231241 -9.35537338 2.18228221
26.39382553 -0.35727555 -9.44231415 4.10416317
26.45777512 -0.74318039 -9.37112045 4.15989876
26.13884544 -0.88142300 -9.55097771 3.60242391
