17.61776238 0.20257081 -13.39069385 4.11121568
17.53779068 0.39315246 -13.27228928 4.16031904
17.56381416 -0.33743256 -13.37435913 4.95158357
17.57763900 0.20848923 -13.54077396 3.77566529
17.67561531 -0.00080239 -13.65927620 3.48515191
17.52823296 -0.13069000 -13.55814171 3.03965512
17.52532807 -0.34242196 -13.47236175 3.88856774
17.39746285 -0.70157170 -13.40758476 4.34525089
17.43627472 -1.05031173 -13.41843948 4.10297174
17.65985565 0.20072178 -13.24009476 3.01481948
17.70770340 -0.04362949 -13.18460636 3.11751108
17.48439026 -0.06612414 -13.17541485 3.43032680
17.60600815 -0.33933337 -13.27629375 3.99931984
17.56061745 -0.71989686 -13.26656494 3.97376365
17.74903298 -1.01758900 -13.35690270 4.29922714
