10.04547577 0.19645839 -8.27403221 3.79861860
9.94558220 0.41157542 -8.32715759 3.83055525
9.96368122 -0.33007534 -8.29794101 4.33358612
10.12295342 0.19926610 -8.41601525 3.40097542
10.23719444 -0.03101957 -8.42499237 3.13511968
10.06908187 -0.17119374 -8.47461090 2.20877204
9.99645615 -0.33056447 -8.40098515 3.43809914
9.89445648 -0.69549084 -8.44274998 3.96490531
9.97508183 -1.02617571 -8.35785732 3.45666938
9.96392097 0.19922938 -8.13695068 2.74413519
9.94402485 -0.03756061 -8.05036049 2.76235147
9.77452774 -0.18183965 -8.12397232 2.12961416
9.93485699 -0.33003394 -8.19332466 3.53540740
9.93548298 -0.70709585 -8.19082051 3.32907071
10.07319966 -1.04664962 -8.15422383 3.54675617
