5.57157059 0.13278952 -9.23466224 4.21867218
5.68987827 0.30968658 -9.29226170 3.72422347
5.49194365 -0.38926454 -9.20773087 4.70000324
5.51358785 0.15052054 -9.09811058 3.64356556
5.62630873 -0.04859742 -8.97459011 3.44982186
5.74626188 0.09925270 -9.05415001 3.55530219
5.43148527 -0.37633957 -9.11924992 3.85502706
5.30939665 -0.73767321 -9.00759335 4.05775737
5.07636566 -1.01731467 -8.97884388 3.62861271
5.60537777 0.12064140 -9.38252144 3.18197446
5.83494463 0.12622419 -9.47510967 2.98026977
6.02242050 0.22412455 -9.58090076 3.62493677
5.54557104 -0.39126414 -9.29509659 3.82347169
5.72680282 -0.71844591 -9.21112938 3.66935821
5.52905607 -1.03047297 -9.22814617 3.78499403
