20.52076874 0.12024764 -8.63011055 4.58082924
20.32239837 0.28011449 -8.64561749 3.91478357
20.64218864 -0.35500958 -8.66745395 5.09706249
20.59902305 0.13476089 -8.75935288 4.07489481
20.72084618 -0.07809023 -8.84169541 3.45517664
20.75865860 -0.14993987 -8.83345318 4.19941178
20.70175552 -0.34245965 -8.74728088 4.33382025
20.77729950 -0.70074522 -8.70370522 5.17062664
21.03899994 -0.82400231 -8.60996056 4.77493916
20.43566666 0.10104998 -8.50490189 3.35765333
20.46197625 -0.11742029 -8.38299446 3.41757560
20.36202927 -0.32564782 -8.37369824 3.43843632
20.58495331 -0.37010097 -8.59176006 3.99362364
20.52587547 -0.72524523 -8.71875744 4.10110922
20.60264435 -1.05055509 -8.83266793 4.19437733
