20.66517372 0.19791725 -11.50448150 4.47364206
20.55193557 0.37678363 -11.40609226 3.98740921
20.68414269 -0.32448076 -11.48740463 5.02104445
20.54173088 0.20603976 -11.60635605 4.14855681
20.49393501 -0.05473492 -11.64165020 3.77731214
20.49170189 0.14880559 -11.49717178 3.72338419
20.58741303 -0.32451330 -11.54865628 3.99874973
20.43681412 -0.68113192 -11.50985241 4.25704413
20.36983452 -1.00697291 -11.65907002 4.04959435
20.79763909 0.21013535 -11.42120838 2.89946384
20.93544464 -0.01882988 -11.43080578 3.13652987
20.92949295 -0.22950133 -11.35537548 2.83154526
20.79217453 -0.33347478 -11.44604569 4.15517855
20.89620743 -0.69613405 -11.38923492 3.82735701
21.06034660 -1.04553864 -11.42043190 3.95458718
