6.13845920 0.12093111 -11.94932480 4.89159851
6.07789316 0.32521935 -11.86073341 3.94414396
6.17935391 -0.41341488 -11.89760666 5.12001019
6.06290912 0.08450508 -12.07083797 3.84479351
6.00237236 -0.17830260 -12.09474469 3.76770229
5.82791242 -0.26674986 -12.00492229 3.63444681
6.09874706 -0.41174286 -11.97539234 4.17151756
6.01065664 -0.75149319 -11.73713074 5.56205330
6.00447035 -1.10668161 -11.69651813 4.10903311
6.21905632 0.14826104 -11.82610168 3.09709015
6.15620260 0.18629107 -11.60842800 3.67069888
6.06540050 0.25317798 -11.46154022 4.01674308
6.27263193 -0.41969536 -11.82866916 4.12072229
6.23655233 -0.78634866 -11.76434670 4.30179062
6.38866968 -1.00976631 -12.00531578 4.44592142
