28.41284752 0.17644890 -8.33193111 4.12294436
28.30413818 0.40628481 -8.19972038 4.20948362
28.47453690 -0.34515911 -8.30884171 4.54023361
28.25088120 0.16296872 -8.35238266 3.55994844
28.23309517 -0.11267103 -8.41982079 3.27481294
28.17846680 -0.34397495 -8.45124626 2.31152439
28.36576462 -0.35529274 -8.32509422 3.58557534
28.31138229 -0.71862286 -8.25948048 3.66200781
28.30352783 -1.04169595 -8.42703342 2.88557267
28.57205963 0.18502201 -8.30153656 3.00074363
28.71143150 -0.04984600 -8.32370281 2.89294386
28.81782913 -0.24058649 -8.24902248 2.62487125
28.58298302 -0.34443563 -8.30214214 3.67674685
28.65780830 -0.72359669 -8.26721287 3.21201539
28.73420906 -1.07801366 -8.32117939 3.21474695
