27.76962318 0.20229637 -8.18178425 4.19308910
27.72369766 0.41617122 -8.03626957 4.20710182
27.82018699 -0.31220063 -8.22813606 4.59060421
27.64240990 0.20581113 -8.27639103 3.84897256
27.64531402 -0.03706909 -8.42470588 3.35377388
27.59020119 -0.26987923 -8.40676575 3.15442414
27.75719681 -0.31696484 -8.32026005 3.77256603
27.80876694 -0.68431283 -8.40908089 3.91805291
27.87488251 -1.01170715 -8.58239384 2.80764794
27.90502243 0.19548578 -8.10604591 3.00055151
28.01273537 -0.04278947 -8.11157322 2.81549811
27.83727989 -0.08731912 -7.99554739 2.60246930
27.89122810 -0.31674577 -8.14649468 3.87318120
27.90120545 -0.69354186 -8.09234295 3.34097739
27.91066170 -1.06412072 -8.05539951 3.23330560
