9.42165756 0.11037256 -10.03926410 5.40152645
9.62564640 0.30833902 -9.97974262 3.67176241
9.49654903 -0.39526930 -10.01044597 5.11535807
9.36202583 0.13434737 -9.91682472 4.48783531
9.52152977 0.21731341 -9.77052517 4.44057675
9.64338207 0.36807008 -9.77561378 3.42656498
9.44792747 -0.39324100 -9.91822395 4.11712227
9.32910099 -0.77582067 -9.89895783 4.55091476
9.06406403 -1.05207569 -9.89443760 4.10654659
9.51662522 0.10883908 -10.14410210 4.03567906
9.67025776 0.05992489 -10.24340115 3.70003453
9.75012035 0.21346007 -10.09523868 3.84641609
9.53726349 -0.40319523 -10.10961590 4.12570515
9.72171574 -0.73225569 -10.20165882 4.36586342
9.75224876 -1.08130970 -10.30752449 4.32587433
