27.22840462 0.18893821 -11.10578155 4.38122520
27.11873894 0.44620488 -10.99320698 4.38598156
27.24042854 -0.34250857 -11.10981732 4.75526323
27.21824837 0.17770181 -11.26038761 3.80446243
27.28082161 -0.07434758 -11.34327755 3.44760637
27.21569748 -0.31022333 -11.37824250 2.27610140
27.23904877 -0.33664267 -11.21794853 4.05154257
27.10679016 -0.70814713 -11.20503425 3.71447382
27.05959206 -1.08160763 -11.17507191 3.10151262
27.24801712 0.19817173 -10.95354328 3.24817257
27.23427658 -0.04431494 -10.84671326 3.07959456
27.06670341 -0.14747844 -10.75714817 3.61276074
27.24617767 -0.34023511 -11.00135040 4.14516335
27.21509056 -0.71967430 -10.93650932 3.59974237
27.51214027 -0.97218635 -10.98450947 4.05337906
