14.65279370 0.18351256 -15.33501415 4.29121867
14.55128765 0.37000808 -15.25300102 4.38568029
14.67172051 -0.33646369 -15.37984943 4.78682432
14.66060314 0.21046513 -15.49217548 4.14772873
14.77416935 0.02866379 -15.62339992 3.84639167
14.60672645 -0.10175027 -15.56953926 3.33277445
14.66253719 -0.33409869 -15.48308983 3.67215938
14.51622944 -0.69317927 -15.46195583 4.44086056
14.65124092 -1.03032241 -15.48280010 4.11613817
14.64517574 0.15670334 -15.17967434 3.02984309
14.60472431 -0.08165913 -15.07980766 3.40002646
14.43833999 -0.21598098 -14.99596481 3.39406523
14.68327789 -0.34372055 -15.27634315 3.97474928
14.78754902 -0.72503138 -15.31169319 3.87852397
15.05633984 -0.99670236 -15.36581917 4.30033417
