6.89374561 0.13844626 -13.05314064 4.81531696
6.87624750 0.34420820 -12.99700622 4.02714310
6.89387970 -0.37746844 -12.98574162 5.07083845
6.81878891 0.10187327 -13.19095001 4.14555350
6.65377970 -0.07125806 -13.12997532 4.03804474
6.65416336 0.09516094 -13.02243195 3.45882655
6.84847031 -0.38324953 -13.08938942 4.21274538
6.67691545 -0.73220365 -13.03174572 4.62441769
6.76820955 -1.10452735 -13.09348736 4.35409374
6.97293959 0.16408223 -12.92244739 3.45015955
6.87697382 0.17582846 -12.74640522 3.87666836
6.84195900 0.42271357 -12.70951767 3.48809385
6.93948469 -0.37826939 -12.87898502 4.03653202
6.84657412 -0.72107401 -12.74808044 4.40935726
7.02543802 -1.09567416 -12.77318554 4.26508513
