23.92314224 0.15148063 -9.12347488 3.99248619
23.71455231 0.32324304 -9.08193836 4.11064339
24.01553573 -0.34035397 -9.20815143 4.69058981
23.94478645 0.18205452 -9.27873574 3.70821090
24.10209045 0.02231817 -9.40273437 3.18376875
23.94175033 -0.14922669 -9.40103035 2.00048256
23.97375335 -0.33409788 -9.30766582 3.79243975
23.76757355 -0.66382702 -9.20638085 3.93440142
23.83642960 -0.99020959 -9.25385933 3.03897566
23.92213631 0.12142418 -8.96595535 2.72873306
23.87159920 -0.12217765 -8.86629219 3.10619607
23.71908645 -0.31250640 -8.78050403 2.11364779
24.05549660 -0.34501472 -9.11243515 4.05951825
24.15199089 -0.71696454 -9.25547580 3.40886131
24.34463348 -0.97995093 -9.46240826 3.58178096
