13.14833927 0.11428379 -12.18981934 3.77710972
13.30498925 0.30463386 -12.15046597 3.80081487
13.04626141 -0.38985663 -12.16566296 4.51397400
13.15801621 0.13499514 -12.03638192 3.50151343
13.05832958 -0.07173488 -11.94277401 3.20691076
13.21812038 -0.21635214 -12.02116947 2.72958216
13.06861477 -0.39026201 -12.05846176 3.57594204
13.20858460 -0.74138173 -12.17480431 4.32528152
12.88227845 -0.75419805 -12.11575832 4.03801446
13.14394207 0.09881559 -12.34483414 2.87443342
13.09417153 -0.14236159 -12.42433147 3.17659111
13.24112930 -0.22234402 -12.42033482 3.07907992
13.01673183 -0.38715224 -12.27022438 3.73882098
13.09755364 -0.75020884 -12.27371865 3.85408106
12.92358226 -1.07005629 -12.21421604 3.53258261
