14.89431343 0.18732832 -12.38500748 4.01411495
14.99233303 0.35361119 -12.30402889 4.08037625
14.92250251 -0.33118459 -12.40958004 4.93472233
14.82511196 0.17615626 -12.24087028 3.83945666
14.70518704 -0.03965990 -12.21084232 3.72894678
14.92903824 -0.03387924 -12.21332569 3.77487974
14.90136833 -0.34129293 -12.31214600 3.88954463
15.05107460 -0.69577965 -12.35687866 4.61280632
15.06236877 -1.04522690 -12.42970524 4.37799892
14.96403503 0.19173837 -12.52948799 2.99003935
14.96426544 -0.01217135 -12.66016140 3.09765672
15.07158947 -0.08411300 -12.48737412 3.86241942
14.93222771 -0.32598660 -12.51011238 3.94028148
14.85933247 -0.70226982 -12.52660484 4.36966839
14.52821789 -0.82459283 -12.51844597 4.22076149
