22.10654259 0.24478668 -12.41065788 4.17114830
21.87420082 0.41964877 -12.40535736 4.23755503
22.18346977 -0.27180314 -12.43338585 4.66727924
22.15574265 0.26187411 -12.56273937 3.85588241
22.28674507 0.07459981 -12.65533066 3.33182478
22.07353592 -0.00058126 -12.62228298 2.41894674
22.18433571 -0.27840996 -12.53855991 3.83326721
22.02519417 -0.66806120 -12.51261425 3.88581562
21.95264244 -1.04017925 -12.50933075 3.21200919
22.06503868 0.22725436 -12.25347328 2.81722426
22.03578377 -0.00366162 -12.15695763 3.18154573
21.88772964 -0.00666047 -12.30241489 4.12296200
22.18541336 -0.27509174 -12.32976913 3.91286993
22.33916855 -0.65693176 -12.36229420 3.37063456
22.64039040 -0.89060426 -12.41206169 3.56355715
