10.08336449 0.04943709 -11.33651257 4.02523661
9.98218346 0.23655038 -11.20949078 3.68266773
10.19552898 -0.42648575 -11.48361778 4.36836767
9.96903706 0.06404690 -11.44174099 3.63506770
9.82233334 -0.04519937 -11.24090576 3.46459913
9.78541660 0.00354652 -11.03019142 2.89583683
10.14887238 -0.42117730 -11.58901119 3.58689928
10.02239799 -0.76004261 -11.72933388 3.80898762
9.98644638 -1.07507110 -11.94524002 3.65406060
10.19025993 0.05225375 -11.24251270 2.71882200
10.12345695 -0.01832872 -11.00663757 3.21566558
10.01734924 0.00483694 -10.82732391 2.66720557
10.24678516 -0.42772037 -11.38342190 3.70572209
10.22134209 -0.73399174 -11.13770390 3.63104630
10.33034992 -1.09437895 -11.08926201 3.69125247
