7.65291357 0.27965620 -4.32901955 3.80989981
7.62932682 0.39221758 -4.56043577 3.33554482
7.61955118 -0.26952276 -4.35721922 4.29639721
7.82464981 0.28345382 -4.31077242 3.40656257
7.88550425 -0.00326665 -4.27314711 3.35416842
7.94795609 -0.24568628 -4.26427078 1.88160706
7.73030663 -0.27681309 -4.32966661 3.33767271
7.64689350 -0.65876919 -4.38637114 4.06877184
7.56045198 -1.06219184 -4.21055889 3.16406345
7.48323727 0.27295965 -4.33093452 2.57795382
7.39545870 -0.00864039 -4.30012321 2.70516396
7.33672571 -0.25714958 -4.34016371 2.50795579
7.50327444 -0.26753265 -4.36708927 3.73414111
7.43336344 -0.64284682 -4.48896790 3.64221120
7.43657446 -0.97628844 -4.19073486 3.56788015
