12.60275925 0.24530561 -9.13243844 4.53389337
12.43822119 0.42413105 -9.18621243 4.24105872
12.64752261 -0.24024899 -9.13166798 5.20780723
12.67948214 0.25284800 -9.26045185 4.28317997
12.84468132 0.08422670 -9.34142452 3.96690204
12.72630003 -0.07463679 -9.35604244 3.57316637
12.64932050 -0.24179907 -9.23677995 4.25357421
12.48712169 -0.62546867 -9.24603547 4.79710002
12.56901985 -1.01838721 -9.19902091 4.89801534
12.53454092 0.24106825 -8.99240579 3.18658760
12.52883074 0.00631293 -8.89875804 3.18064653
12.43044376 -0.15444449 -9.00223065 3.79937371
12.63670985 -0.24722976 -9.02762000 4.12363021
12.61996481 -0.65398988 -9.08947446 4.35245503
12.93458631 -0.91251438 -9.09786521 4.57513899
