20.61391258 0.30968136 -4.15864849 4.20604515
20.63820076 0.46541715 -4.34749556 3.80950952
20.58207321 -0.17974672 -4.10192633 5.34900475
20.76444244 0.31602165 -4.12526131 3.99090481
20.82000351 0.06504121 -4.06132507 3.56037569
20.82382393 -0.09635136 -4.24373817 3.04449725
20.68196869 -0.18562111 -4.06927204 4.34092999
20.64684296 -0.60109138 -4.06605673 4.64258337
20.56907082 -1.01520240 -3.97028136 4.70410442
20.46399689 0.31129110 -4.18273830 2.88057780
20.41501999 0.05752534 -4.12689781 3.04520631
20.38125038 -0.16877224 -4.17063284 3.62308240
20.48359871 -0.18849236 -4.13934612 4.07935810
20.43310356 -0.59987211 -4.16947460 4.07328844
20.29512596 -0.94546598 -3.97058153 3.99187088
