8.13184452 0.12690270 -10.44815731 3.64492702
8.04186916 0.33699080 -10.30166054 3.63083005
8.14646721 -0.33931905 -10.45347118 4.57437563
8.03156090 0.12986350 -10.56505299 3.48830986
7.87408781 -0.10107796 -10.59437656 3.52071428
7.72405863 -0.10754083 -10.39883327 2.39650154
8.08890343 -0.33956221 -10.54290676 3.78541231
7.90391922 -0.67222297 -10.36070251 4.45668316
7.99910593 -1.05668163 -10.51118946 3.23330379
8.23469639 0.12689959 -10.33616066 2.63600659
8.27420902 -0.12856385 -10.22332573 3.11478114
8.11178970 -0.30036095 -10.07934856 2.83175659
8.19878101 -0.34141397 -10.35913563 3.80994463
7.95025396 -0.63266593 -10.19093132 3.55363798
8.08801079 -1.01429427 -10.29736042 3.60763621
