22.32344437 0.28574800 -2.52454138 4.35580635
22.24291992 0.47446495 -2.65369344 3.91732955
22.36539078 -0.22063242 -2.53639078 4.62401342
22.42877769 0.29367542 -2.64469576 3.78185773
22.54527092 0.04409852 -2.68293834 3.50131011
22.62802124 -0.19062337 -2.68589020 2.80380702
22.38142776 -0.21911792 -2.64043093 3.68861890
22.21487808 -0.61560303 -2.64519691 4.28067207
22.12086105 -1.02972543 -2.63538384 4.22643137
22.23066902 0.28497291 -2.40063620 2.87000704
22.12776756 0.02273480 -2.37981439 3.12315869
21.96846199 -0.15758912 -2.46434689 3.21406984
22.34343147 -0.22754605 -2.43710089 3.89102697
22.48121262 -0.62801737 -2.47423100 3.51776028
22.68638039 -1.00759017 -2.46155930 3.93329072
