15.39204502 0.27813122 -14.13210678 3.90684843
15.48426247 0.47677258 -14.01071167 4.00890446
15.34950066 -0.23548968 -14.14745331 4.73670387
15.33740616 0.28600070 -13.98576069 3.90950084
15.17888927 0.08185793 -13.90573120 3.55255342
15.36137390 -0.05341054 -13.87578583 2.99553990
15.34406185 -0.24088608 -14.04329872 3.78275132
15.43033886 -0.64153069 -14.09687805 4.49993992
15.38581085 -1.05054641 -14.13127995 4.43036795
15.44856644 0.26456511 -14.28017044 3.05405855
15.44370747 0.02571604 -14.40575504 2.99178362
15.57812500 -0.04740910 -14.25400352 3.53228903
15.35663223 -0.23372102 -14.25146103 3.86609602
15.38608646 -0.63728106 -14.24250603 3.73757648
15.05941868 -0.89134127 -14.25220776 3.52323985
