20.00835800 0.31100851 -11.33585548 4.21656799
20.14773750 0.47615758 -11.22672653 4.06170511
19.99834061 -0.19926909 -11.36497593 4.88034725
19.98070717 0.31793302 -11.17935371 4.07755375
19.88483047 0.09475811 -11.07865524 3.50446010
20.08343315 -0.03896450 -11.06578159 3.40127707
19.94250488 -0.20527746 -11.27429867 4.01835299
19.90555954 -0.61459363 -11.29197788 4.17353821
19.75276184 -0.97853398 -11.38248253 4.21826410
20.03490067 0.30506065 -11.49258423 2.99575877
19.94902992 0.12188094 -11.65852642 3.11605692
20.02128983 -0.07843938 -11.58306694 3.35503244
20.04228592 -0.20624532 -11.46400356 3.88941479
20.17087364 -0.60453016 -11.43473053 3.58537149
20.26048279 -1.00806868 -11.44510651 4.18849707
