13.25280613 0.25347329 -9.15712250 4.42779435
13.07945929 0.43629371 -9.21845383 4.15190977
13.29067358 -0.23905801 -9.15383858 5.12398847
13.33069547 0.25805795 -9.28787973 4.17186223
13.48277738 0.07946193 -9.37347772 3.85555972
13.31427373 -0.04658929 -9.39663484 3.35748148
13.30146164 -0.24209572 -9.25562180 4.18788640
13.15617805 -0.62915129 -9.28491635 4.67695687
13.25275114 -1.01559276 -9.24784925 4.80751292
13.18507375 0.25228302 -9.01301999 3.13014592
13.17482196 0.01587907 -8.92001205 3.09509664
13.07425976 -0.12524745 -9.05292797 3.77982418
13.27216275 -0.24489496 -9.05201181 4.06837400
13.22261726 -0.65027316 -9.10460080 4.20718712
13.53633107 -0.90799796 -9.07969433 4.41984722
