29.69058990 0.25975060 -12.19057083 4.02012110
29.65282249 0.43469286 -12.04151249 4.09830189
29.70423126 -0.27076989 -12.24795818 5.01340008
29.57124329 0.27135533 -12.30838871 3.89913988
29.57177544 0.00892264 -12.42661572 3.41849470
29.55401230 -0.22124790 -12.38996315 2.20512629
29.61085320 -0.27653849 -12.28906345 3.78545856
29.61681747 -0.68339229 -12.18025303 4.07326889
29.70081329 -1.09584153 -12.14758205 3.95601130
29.81799889 0.23575702 -12.08066940 2.95498967
29.87795639 -0.03683669 -12.03879070 3.03411102
29.79358864 -0.25091466 -11.93895721 3.34515142
29.79694176 -0.27251211 -12.20608139 4.12792873
29.81727600 -0.69235837 -12.28015995 3.93719053
29.91373444 -1.07698250 -12.47476196 3.78567004
