14.20950184 0.20982636 -8.99914017 3.86648512
14.38410683 0.41301834 -8.95109997 4.05021953
14.18634376 -0.29054172 -9.00847244 4.67645473
14.17023449 0.19717148 -8.84616261 3.66021552
14.10421353 -0.06228022 -8.78825569 3.52312355
14.11005783 -0.30412861 -8.78525868 3.14522161
14.16510907 -0.29710288 -8.90501404 3.61881471
14.22586022 -0.66984649 -8.91928787 4.20916405
14.17807216 -1.03220281 -8.98547993 4.24308796
14.24555378 0.21692022 -9.15030499 2.89345250
14.26895485 -0.05090319 -9.20573921 3.23110189
14.32921734 -0.27763715 -9.21014023 3.38988095
14.20865402 -0.28477814 -9.10983600 3.87580271
14.30180378 -0.64437483 -9.10278378 4.01829538
14.06023865 -0.92531934 -9.14216805 4.05388193
