28.50224876 0.20216817 -8.82682133 4.04254580
28.57909393 0.40928617 -8.93500996 4.06682396
28.52089500 -0.29161492 -8.81904697 4.52194452
28.52854729 0.20858838 -8.66627121 3.58329940
28.52340889 -0.06158828 -8.59248066 3.15073633
28.60575867 -0.28672975 -8.62220097 2.61321449
28.50807381 -0.29904813 -8.70132256 3.79604530
28.68766975 -0.64046472 -8.73226070 4.04152012
28.42630768 -0.97561634 -8.71706009 2.47628498
28.47108841 0.19537830 -8.98696804 2.88838339
28.51346016 -0.07000586 -9.06848335 2.69404459
28.63007355 -0.29008579 -9.09869099 2.92549562
28.51754761 -0.29006255 -8.94116497 4.00807858
28.53796196 -0.67859048 -8.97229290 3.05376720
28.47960091 -1.05059481 -8.91490555 3.51934576
