28.89441653 0.16363739 -7.94024887 4.18393344
28.92127639 0.34683609 -7.83383234 4.15661671
28.94558000 -0.35122917 -7.96597998 5.13898940
28.78457941 0.16350989 -7.94057273 4.08660352
28.75728177 -0.11414166 -7.96273337 4.09338839
28.76307411 -0.33920885 -7.88863993 3.58356780
28.89251581 -0.36110030 -8.00134468 4.17454147
28.97707988 -0.73384998 -7.98657360 4.53642049
29.08824599 -1.10611335 -8.02606904 4.16248482
29.00367050 0.16792811 -7.93307708 3.04871078
29.07486477 -0.10669750 -7.92918376 3.18366543
29.09569677 -0.33227021 -7.85212805 3.39011308
29.00287222 -0.34769874 -7.93487652 3.94956480
28.96800550 -0.71806338 -7.85269243 4.01956548
29.05039523 -1.05252483 -7.95744555 4.27561201
