28.08445206 0.16344103 -8.48914356 3.97774248
28.20418167 0.38804685 -8.48690033 4.14511032
28.12034531 -0.33099748 -8.47911301 4.76950531
28.07688599 0.17208079 -8.32224274 3.64825416
28.08730736 -0.10441562 -8.26132546 3.44839525
28.20828781 -0.32258436 -8.25196132 2.85563397
28.09848747 -0.32988841 -8.36640530 3.62255325
28.15280800 -0.71040838 -8.34235210 4.41022024
27.84516105 -0.93768337 -8.33841572 3.69924059
28.09374161 0.14089391 -8.65687866 2.89709745
28.10126305 -0.13325154 -8.73421917 2.87154203
28.13035812 -0.38389211 -8.73862610 3.25873246
28.12043533 -0.33251146 -8.59186515 3.94289159
28.21489563 -0.71011813 -8.57001896 3.64316135
28.17626228 -1.09983773 -8.57279530 3.86565514
