16.61492500 0.18652574 -8.66747169 4.09912915
16.73552818 0.39772128 -8.58667774 4.41954469
16.58121528 -0.29575486 -8.67087021 4.87697696
16.57576027 0.19732202 -8.51614971 4.02933817
16.57840424 -0.04569234 -8.41904068 3.54727192
16.76579323 -0.18412721 -8.40267944 3.53261762
16.55420723 -0.28994419 -8.56634007 3.85224027
16.59121628 -0.66055927 -8.52652321 4.53683176
16.31084290 -0.88154839 -8.60175991 4.41838241
16.64002113 0.17569184 -8.82359333 2.96854834
16.61356430 -0.08095508 -8.90395222 3.03915863
16.60488090 -0.32172167 -8.95130997 3.58510580
16.60642013 -0.30382593 -8.77333736 4.03320098
16.71858597 -0.65877004 -8.69370995 4.09090681
16.69365349 -1.02866046 -8.66800594 4.16193571
