17.24493561 0.22891865 -8.95832958 4.17641182
17.11486244 0.44917920 -8.96677913 4.36949063
17.24798661 -0.26202211 -8.97324505 4.79178419
17.23612556 0.23125969 -9.10898495 3.82091055
17.18881569 -0.02666256 -9.15018711 3.70213161
17.06245041 -0.16873559 -9.03500671 3.28495684
17.24089279 -0.26195307 -9.07528572 3.79566917
17.17729721 -0.64434046 -9.11080246 4.14751787
17.32218781 -0.99284170 -9.18084450 4.05537138
17.24846382 0.22185150 -8.80443783 2.88170233
17.21924934 -0.03546558 -8.76531773 3.09485206
17.09686089 -0.23685070 -8.79001656 3.77271595
17.25587540 -0.26869913 -8.87051048 3.86128330
17.24517556 -0.66300149 -8.85961475 3.78267736
17.32116623 -1.04529796 -8.84802074 4.21695442
