26.14792442 0.24149678 -8.88223209 4.05578156
25.94960556 0.41823068 -8.90142822 4.11470499
26.18226242 -0.25827593 -8.87416248 4.44998055
26.21360474 0.23994625 -9.02369614 3.61293421
26.30798378 -0.00193497 -9.10680980 3.41629152
26.20357437 -0.22177304 -9.19814568 2.17102652
26.20952224 -0.26049215 -8.97939720 3.67370348
26.12302361 -0.65563532 -8.99353962 3.79331265
26.07480049 -1.04850324 -8.95564117 2.68553853
26.07495995 0.24015705 -8.74473781 2.79252448
26.05636520 -0.02063509 -8.68085404 2.85122643
25.94231301 -0.22215252 -8.77531547 2.90619855
26.15427551 -0.25770105 -8.77202607 3.83852615
26.18618736 -0.65448297 -8.78097954 3.40600085
26.45113716 -0.95193052 -8.73103237 3.60739336
