23.52500153 0.19725897 -7.78063526 4.15952072
23.55745544 0.39249231 -7.95744782 3.67066870
23.54800262 -0.30869198 -7.79243164 4.70499773
23.61639939 0.20744210 -7.66203327 3.83366823
23.70698433 -0.04380301 -7.59226999 3.43056650
23.85378990 -0.24687007 -7.65087557 2.43659034
23.56081390 -0.30623770 -7.68797607 3.88181362
23.51668739 -0.68820404 -7.71968574 4.17208987
23.21468239 -0.95836524 -7.71194086 3.60220542
23.43532486 0.19126330 -7.90633784 2.85828628
23.30318299 -0.05225327 -7.93610315 2.94750176
23.19734535 -0.26807555 -7.97990989 3.08810654
23.52412605 -0.31160534 -7.89563866 3.80668878
23.68115883 -0.66204528 -7.88988514 3.45845651
23.71264420 -1.04825663 -7.84229422 3.46236134
