18.44324188 0.23162939 -7.16503010 4.18021135
18.58659516 0.45610202 -7.21635876 4.30849113
18.43530770 -0.27709575 -7.17069245 4.81043539
18.48610802 0.23271590 -7.01415863 4.12378388
18.48614845 -0.03383616 -6.95323372 3.64304066
18.53139229 -0.27085018 -6.96349792 3.34996495
18.45257835 -0.27648600 -7.06350374 3.81914758
18.56465606 -0.62536781 -7.05307636 4.41583910
18.34988899 -0.91563282 -7.05097685 4.30724020
18.40427399 0.22218634 -7.31835604 2.90015373
18.40230828 -0.04544039 -7.38965702 3.12365856
18.46392937 -0.27992121 -7.42186880 3.81065426
18.40863266 -0.27579800 -7.27543020 3.88130693
18.42234307 -0.65147831 -7.27416249 3.81608086
18.35541496 -1.01431434 -7.23544693 4.15819836
