26.30290680 0.24260540 -8.16585789 4.36152840
26.12249909 0.45769411 -8.12908630 4.14583855
26.37252922 -0.26111420 -8.16533641 4.86136532
26.32861557 0.25124761 -8.31607800 3.92531972
26.39224243 -0.00808941 -8.37527923 3.62978649
26.41304932 -0.25819055 -8.39567032 3.21371770
26.35206337 -0.26513591 -8.27289161 3.97984305
26.18432846 -0.61931576 -8.26920643 4.22768908
26.16938019 -1.00108357 -8.25877418 3.78608751
26.29231529 0.23630972 -8.01414127 2.95421958
26.32817421 -0.03019999 -7.95259523 3.06205764
26.30232925 -0.28102885 -7.91447840 3.08027683
26.38889656 -0.26488337 -8.05589390 4.06894550
26.37496338 -0.64606475 -8.06929169 3.64238829
26.47264976 -1.00061889 -8.08907508 4.14998322
