8.64611225 0.20204672 -4.95125713 3.76220703
8.72905159 0.40275858 -5.05132465 3.84266181
8.64092788 -0.32307568 -4.95047893 4.37386913
8.76088047 0.19695652 -4.83424587 3.42869043
8.82489758 -0.08631420 -4.81778660 3.36822071
8.92146358 -0.30937806 -4.89452515 2.75748892
8.68038845 -0.31791981 -4.85086642 3.47838268
8.67470684 -0.68876126 -4.79601164 3.84715004
8.49229317 -1.02876220 -4.64639072 3.36604352
8.53944435 0.20482288 -5.08171759 2.64768434
8.41814194 -0.04976449 -5.12303000 2.80692253
8.32453613 -0.27515226 -5.18678570 1.99029510
8.58839722 -0.32171326 -5.04348564 3.71508322
8.67046509 -0.68930395 -5.09980077 3.07435918
8.64596005 -1.09473500 -5.09817705 3.55119424
