18.39012947 0.23748871 -4.69251261 4.51976280
18.35183487 0.43070137 -4.83191204 3.98420868
18.36600380 -0.25444664 -4.66887817 5.12211456
18.54587440 0.23036414 -4.75685224 4.31824474
18.62514038 -0.04346271 -4.79197073 3.78222428
18.66275558 -0.28402111 -4.85153990 3.65330658
18.48093796 -0.25836910 -4.67739744 4.42722359
18.46810570 -0.63773093 -4.71048021 4.93227539
18.42659760 -1.03187699 -4.60588436 5.15301905
18.23491783 0.23869604 -4.64383326 2.83787050
18.16767044 -0.03631466 -4.63167209 3.04023838
18.13086929 -0.26988720 -4.70978937 3.49113669
18.25157357 -0.25506744 -4.66062326 4.04190216
18.18867340 -0.62215100 -4.78950262 4.25321264
18.15678864 -0.96849606 -4.58715305 4.57838707
