21.69704247 0.21862432 -3.72659755 3.90846515
21.54073524 0.42276475 -3.72989464 3.75192547
21.68326187 -0.28673369 -3.73421741 4.50064850
21.67786980 0.22241867 -3.88547230 3.60156465
21.66034508 -0.04439280 -3.93798923 3.68481183
21.60643005 -0.28065276 -3.89941549 2.83851147
21.66087151 -0.28974095 -3.83602738 3.64396787
21.57995796 -0.65936387 -3.88703632 4.13820696
21.55948639 -1.04759538 -3.92305946 3.84927201
21.71362495 0.21354574 -3.56868505 2.71224713
21.69561005 -0.05491105 -3.50405836 3.05238509
21.59040260 -0.28406820 -3.45914125 3.22332454
21.70970535 -0.28762454 -3.63381767 3.84273863
21.75753212 -0.65854913 -3.63227940 3.36818480
21.90859985 -1.01453912 -3.63164854 3.81657410
