26.75321808 0.27250457 -8.65140171 4.63277740
26.62135086 0.45867128 -8.73323403 4.47375126
26.80774078 -0.24514468 -8.63218384 5.28372736
26.86722679 0.28000192 -8.74982204 4.07210999
26.94452972 0.01493258 -8.78460026 3.68210936
26.96725845 -0.21922637 -8.82207470 3.37216797
26.87931251 -0.23904313 -8.70363693 4.12878409
26.88460083 -0.60767368 -8.77689266 4.66688700
27.00864563 -0.96799706 -8.67527561 4.21095543
26.63807793 0.25739133 -8.55017071 3.22385912
26.59489594 -0.01343496 -8.48838787 3.20576181
26.56789932 -0.26878433 -8.48485698 3.39729767
26.73567658 -0.25642172 -8.56132030 4.27511730
26.68135071 -0.63806640 -8.60133057 4.19599543
26.77173271 -1.00980284 -8.55599881 4.81709995
