7.65801983 0.19785221 -3.67819853 3.70673075
7.67981443 0.39408086 -3.87025418 3.58321466
7.67756005 -0.33196950 -3.64350758 4.28462810
7.81270952 0.20873932 -3.60920758 3.32251730
7.83586912 -0.05909087 -3.48998838 3.30628352
7.86979456 -0.30239757 -3.43364901 2.46567111
7.77243004 -0.33212175 -3.59051943 3.39294872
7.82762909 -0.71690171 -3.61207809 4.15556393
7.83928213 -1.11405969 -3.55286837 3.67047396
7.49838677 0.17867650 -3.74519544 2.67093286
7.42714615 -0.10623216 -3.76455145 2.84413920
7.42053013 -0.35208301 -3.79669809 2.84265280
7.56848393 -0.33136397 -3.67721262 3.68997383
7.54687424 -0.71723362 -3.63683925 3.02597394
7.54133825 -1.11395349 -3.58763513 3.58743763
