25.52019233 0.17596763 -7.38221007 4.00196333
25.36653023 0.38889156 -7.33644533 4.10901489
25.56425667 -0.30330285 -7.41024818 4.49510164
25.49622040 0.17827083 -7.53483648 3.76698317
25.48141746 -0.08615249 -7.61338930 3.67408390
25.36803246 -0.31050191 -7.62127838 3.45056773
25.57633362 -0.30528598 -7.51621609 3.72416120
25.70950508 -0.67519944 -7.48714981 3.87201996
25.96341934 -0.98821280 -7.47356186 2.85354414
25.55662231 0.17098806 -7.23429956 2.71152711
25.65005417 -0.08934153 -7.20038481 2.93547687
25.66696854 -0.33691468 -7.17263250 2.69494028
25.55074654 -0.30489555 -7.30371132 3.69190516
25.34514999 -0.65559366 -7.32094136 3.46558036
25.27542115 -1.04924746 -7.33115120 3.18737073
