25.82494736 0.17301685 -10.66346969 4.26049614
25.66446457 0.39859946 -10.63036651 4.36063819
25.91503029 -0.31526657 -10.70539475 4.77433395
25.78710632 0.17362935 -10.80223103 4.11607303
25.71442032 -0.05960067 -10.91723671 3.34784565
25.52437515 -0.20001417 -10.95101548 2.51623288
25.92878532 -0.30868766 -10.81118279 4.13161583
26.07211876 -0.67279045 -10.79880391 3.86749192
26.25955849 -1.01271451 -10.76912269 2.99299493
25.85454712 0.16412310 -10.51890144 2.87968988
25.93248177 -0.09640023 -10.46838722 2.98983903
26.00232811 -0.34137765 -10.45357971 2.49474292
25.90820084 -0.31511669 -10.59961776 3.87432251
25.71216965 -0.66800050 -10.57332020 3.74058256
25.56572914 -1.04322250 -10.59208374 3.38933134
