22.85082321 0.20200851 -9.11147918 4.14866533
22.65298233 0.35541298 -9.21550102 3.69687361
22.90778237 -0.28689806 -9.06722641 4.76694317
22.96141930 0.20446841 -9.23204326 3.67058000
23.10549889 -0.02671936 -9.23731804 3.37489595
23.03862266 -0.25208537 -9.28611183 2.54062624
22.95119896 -0.29207590 -9.16276054 3.98505430
22.75860024 -0.65464452 -9.16360340 3.90615878
22.72767334 -1.03051290 -9.12676983 3.52556872
22.74538002 0.19461897 -8.98692169 2.80572190
22.66631546 -0.07697546 -8.97889271 3.01105533
22.55098076 -0.23877788 -9.13336220 2.95164194
22.87167015 -0.28770848 -8.96776619 3.88407907
22.90449410 -0.67517545 -8.95497399 3.52284198
23.18507194 -0.91657635 -8.84333763 3.49993563
