12.69701729 0.19962573 -8.59981976 4.12676029
12.57016468 0.43330618 -8.53829060 4.41321783
12.70362206 -0.28882498 -8.61539497 4.90874929
12.67006073 0.19859080 -8.75992622 3.93365231
12.66730728 -0.06454766 -8.84285068 3.66289020
12.57826519 -0.29119576 -8.85560493 3.26783934
12.70804024 -0.28531475 -8.71855449 3.94418058
12.62444020 -0.65646465 -8.72830906 4.57077379
12.88585320 -0.89057758 -8.69087563 4.38539705
12.71886673 0.19110830 -8.43999672 2.95518603
12.70656872 -0.08216740 -8.38635826 3.11759567
12.66255169 -0.32799177 -8.36852322 3.22616048
12.71087989 -0.29941310 -8.51040497 3.93527165
12.63143349 -0.66061605 -8.52774792 4.02946515
12.68634091 -1.02055760 -8.53985424 4.44553308
