7.26806431 0.16784210 -8.18636398 4.18352909
7.22848749 0.42102164 -8.23578396 4.51075649
7.30441637 -0.32131229 -8.18497849 5.16055556
7.27243690 0.17442353 -8.33907986 3.88973580
7.32090349 -0.07589610 -8.41762714 3.66195674
7.28700905 -0.30836611 -8.44632931 3.13764544
7.29054346 -0.31989762 -8.29470424 4.20437269
7.10356712 -0.65013865 -8.25193157 4.66223841
7.21261502 -1.02537646 -8.25395603 4.26051369
7.26093045 0.16117611 -8.03451099 2.93365135
7.23072643 -0.10967225 -7.97517214 3.09887714
7.05892163 -0.28367751 -8.01085682 3.03898587
7.32146845 -0.32202283 -8.07767639 3.98421946
7.37932234 -0.69663138 -8.06237488 3.95094986
7.57321081 -1.04572325 -8.02860661 4.52997370
