27.32355881 0.20588629 -8.39516411 4.74482899
27.42837105 0.41824016 -8.63182698 3.93666878
27.39978485 -0.29225286 -8.46275596 4.76455402
27.42870255 0.21513428 -8.29155102 4.36030683
27.50093536 -0.04820550 -8.25920677 3.48926802
27.56533928 -0.27916089 -8.26547718 2.90500517
27.44010162 -0.29154913 -8.36490440 4.15346661
27.59938354 -0.63385064 -8.44867993 4.17710276
27.41739502 -0.98390215 -8.36844101 3.04939213
27.26257324 0.19821415 -8.54649124 3.20040455
27.28478699 -0.06796961 -8.65459309 2.86061024
27.32787590 -0.30463706 -8.72128487 2.98076048
27.33396454 -0.29610129 -8.54781341 3.86079321
27.34709053 -0.67226962 -8.54507504 3.28978448
27.33206177 -1.05634704 -8.48696098 3.37216124
