18.86314163 0.19241570 -7.17282076 4.13296614
18.98972015 0.41485796 -7.20422421 4.41501388
18.84093933 -0.28514698 -7.19017219 4.91605635
18.86483498 0.17574958 -7.01812687 4.01837158
18.79058075 -0.07147135 -6.94709578 3.74057689
18.75557937 -0.29731040 -6.89298773 3.44965858
18.86265716 -0.29230718 -7.08570118 3.98049745
19.02141457 -0.65148528 -7.12331877 4.53323651
19.11342812 -1.02852943 -7.16595488 4.39330053
18.84730072 0.20431352 -7.32853679 3.04093280
18.90446243 -0.02923784 -7.44022408 3.09460983
19.12157249 -0.11833103 -7.46413689 3.60743241
18.81588059 -0.28232741 -7.29305973 3.97561131
18.73545303 -0.66321488 -7.27423697 3.84421020
18.52828598 -0.97802265 -7.20617256 4.30712347
