22.28636398 0.18167952 -10.32051964 3.95497317
22.15871696 0.39853733 -10.25490341 4.23150492
22.29181137 -0.30518584 -10.34646282 4.56172781
22.28135109 0.19086873 -10.47704620 3.68645987
22.18672829 -0.04914934 -10.57110176 3.44716745
21.98968925 -0.19641693 -10.52242469 3.02488441
22.30109253 -0.29968452 -10.44754734 3.68531246
22.32214203 -0.67015137 -10.46502971 3.86005440
22.61128273 -0.90696966 -10.47825718 3.09022593
22.29677925 0.16568028 -10.16431084 2.69957609
22.35560798 -0.09488178 -10.11257172 2.87423534
22.35902138 -0.34275491 -10.08164349 2.86032682
22.28721352 -0.30611524 -10.24273854 3.81445747
22.16879463 -0.66665199 -10.26475944 3.34903831
22.20872345 -1.05139425 -10.30094337 3.70449419
