19.60412865 0.22305366 -8.81793346 3.97198000
19.70838280 0.43458515 -8.72676220 4.08096362
19.61075096 -0.27914250 -8.82024650 4.68577232
19.52434311 0.21607116 -8.67898445 3.75537358
19.44741592 -0.05158614 -8.64966259 3.39561968
19.44353103 -0.28854497 -8.60679360 2.52389297
19.56075630 -0.27781616 -8.72596950 3.68502808
19.62891579 -0.63019671 -8.66052227 4.12966223
19.40185547 -0.91207874 -8.79875221 3.96494875
19.68276558 0.21712783 -8.95599842 2.84865375
19.69653778 -0.04963219 -9.02967377 3.01241946
19.75575599 -0.28179369 -9.03557777 3.12702041
19.65962372 -0.28190469 -8.91457500 3.80957890
19.68944244 -0.65500809 -8.89745350 3.66246781
19.63904152 -1.02921031 -8.94961262 3.86264934
