7.41106815 0.19919187 -5.94304638 4.28197250
7.34648628 0.44320955 -6.03905878 4.11954079
7.39217863 -0.33517179 -5.98770580 4.68739109
7.55428924 0.19866028 -6.01432571 3.77283549
7.58762245 -0.08874049 -6.07060652 3.62015676
7.54331102 -0.33514010 -6.16323776 2.96438351
7.49978094 -0.33649382 -6.02153454 4.01480284
7.46030732 -0.71944255 -6.08816204 4.30373440
7.50487881 -1.10175967 -6.00471907 3.85154991
7.26799831 0.19262824 -5.87773791 2.79476719
7.20665865 -0.09437026 -5.87172222 2.82865391
7.13121472 -0.32718526 -5.94504719 2.84388227
7.28298063 -0.33434311 -5.94763012 3.89879961
7.17459822 -0.69985344 -6.00886326 3.62711663
7.17468243 -1.10111315 -5.93952837 3.93731136
