25.61884460 0.22044749 -7.61988516 3.94113384
25.41915474 0.40901517 -7.66026439 3.79276361
25.65616569 -0.26446887 -7.59210996 4.46514263
25.66057282 0.21399372 -7.76984415 3.39676905
25.67216644 -0.04457177 -7.87927170 3.38323545
25.52201882 -0.24387342 -7.93006144 2.67414646
25.67848968 -0.26416321 -7.69809857 3.64743352
25.66415290 -0.66127871 -7.70603514 3.57025933
25.77471962 -1.04801932 -7.67854309 2.95931597
25.58299560 0.22771705 -7.46983576 2.71749263
25.59274292 -0.02506821 -7.34934740 2.95048094
25.56838532 -0.25649078 -7.26764660 2.70691013
25.62788315 -0.26708499 -7.48749638 3.73963018
25.47922898 -0.63349544 -7.43827658 3.52259798
25.47553635 -1.02363822 -7.38580008 2.92293682
