16.29559860 0.17826155 -8.66086025 4.00094414
16.44733048 0.38452399 -8.60999069 4.63857441
16.26455612 -0.29750588 -8.66482983 4.85553217
16.27734680 0.18644911 -8.51107216 3.96247521
16.33665543 -0.04540653 -8.39668979 3.68144331
16.52764283 -0.19221236 -8.37067814 3.60660772
16.23379326 -0.29262678 -8.56293869 3.84943872
16.13371582 -0.67181005 -8.57921829 4.23079262
15.94044609 -0.98810284 -8.62104244 4.41122151
16.29997750 0.17173070 -8.81504364 2.99188900
16.29693642 -0.08619231 -8.89579144 3.10620594
16.28960228 -0.32655875 -8.95082817 3.45833636
16.29971504 -0.30450335 -8.76575661 4.03996334
16.48394242 -0.66551149 -8.72014084 3.87984666
16.61556168 -1.03207002 -8.70521202 4.26371374
