25.54632083 0.19083972 -2.79302488 4.52173610
25.52988850 0.37310120 -2.88769052 3.79980477
25.58259686 -0.27694216 -2.75250833 5.35334058
25.59750713 0.18325424 -2.93009584 4.25402182
25.57257288 -0.07627979 -3.00597503 4.07830767
25.43754769 -0.16956575 -2.89125119 3.93448169
25.64664702 -0.28825716 -2.84003100 4.74534208
25.66463141 -0.67747048 -2.86112553 4.43171293
25.85874783 -1.01938917 -2.87055937 4.08513091
25.48217271 0.19022337 -2.66159953 3.10813033
25.46383286 -0.05869152 -2.55062840 3.25758464
25.36795304 -0.23800995 -2.58809235 4.03488705
25.54129774 -0.27713569 -2.66186413 4.04495118
25.45351167 -0.64961730 -2.62886028 4.74011590
25.79091366 -0.99672554 -2.52838042 4.59971337
