26.09168434 0.20656517 -7.59051657 4.19312096
26.01216698 0.37227091 -7.64628935 3.81008863
26.10049248 -0.25635338 -7.62815809 4.74989510
26.24847412 0.21070535 -7.66160393 3.43394923
26.37869263 -0.02400246 -7.67893028 3.22058678
26.43599701 -0.26287624 -7.69311237 2.70545602
26.18042755 -0.25974876 -7.68968248 3.95866132
25.99695396 -0.66317600 -7.69531918 4.14207363
25.88688278 -1.01230145 -7.64096498 3.85399866
25.92538071 0.20614257 -7.54346800 2.84556437
25.78727150 -0.03003963 -7.55218267 3.08384252
25.83323288 -0.22349311 -7.64027262 3.56977510
26.02784920 -0.26373780 -7.56242228 3.86380982
26.16878510 -0.66847020 -7.56643009 3.58747053
26.39327240 -1.00122213 -7.61021328 3.87111545
