9.80974579 0.17285372 -8.76387043 4.13700991
9.66829815 0.37934475 -8.80229473 4.21462622
9.81969051 -0.33531282 -8.76825066 4.88414536
9.85399514 0.16887225 -8.91799927 3.86685944
9.94884777 -0.09082181 -8.95386791 3.64989686
9.91456699 -0.32805361 -8.96381092 3.49342885
9.83300228 -0.33791466 -8.88046914 3.97205381
9.76242084 -0.68816239 -8.93888130 4.45454083
9.76731834 -1.05952575 -8.95401668 4.03330584
9.77160797 0.17552196 -8.61063480 2.95362639
9.74946995 -0.08181185 -8.52202396 3.07599011
9.66685924 -0.31120815 -8.52338162 2.85385065
9.80598641 -0.33527322 -8.65602169 4.04195661
9.81065845 -0.70421077 -8.62677479 3.87037878
9.95004596 -1.05401678 -8.49477902 4.34826823
