27.94490433 0.23047747 -8.28347282 4.33211994
28.02027130 0.50435484 -8.23726311 4.47639161
27.98634034 -0.27334212 -8.29514332 5.14154778
27.90370979 0.21729736 -8.12762966 3.87341414
27.80917893 -0.03803923 -8.07030716 3.38367018
28.01394424 -0.15221806 -8.10636272 3.09617309
27.95898132 -0.27529361 -8.18500061 4.11467676
28.10623779 -0.61698597 -8.15609036 4.54275065
27.90356750 -0.96028983 -8.22245407 3.90287351
27.99390831 0.23901790 -8.44421959 3.12128248
27.95787353 -0.00973006 -8.55541897 3.21928391
28.15095024 -0.13181685 -8.47061005 3.50316925
28.00643806 -0.27919747 -8.40561905 4.02529784
28.00289230 -0.65333679 -8.38988514 3.98268376
27.83068657 -1.02544794 -8.44306450 4.08147573
