25.05433540 0.13386230 -9.18425255 4.70485992
24.87876396 0.29056052 -9.09294738 4.01046539
25.21131973 -0.33195165 -9.25388203 4.95037337
24.96220589 0.13116611 -9.29313526 4.17775860
25.00491562 -0.13351866 -9.35011082 3.87525931
24.94519043 -0.35772102 -9.28862724 2.87651777
25.18022919 -0.33808002 -9.35537796 4.26600847
25.12994766 -0.69257230 -9.27154598 4.37598496
25.44371300 -0.89160949 -9.38020344 3.62585373
25.14031639 0.13035889 -9.07189560 3.08713350
25.22043228 -0.11868027 -9.03564091 3.06234622
25.08065071 -0.31081769 -8.96010342 3.33054046
25.25403671 -0.32912243 -9.15603199 3.76717338
25.08613358 -0.68095241 -9.10029220 3.69752455
25.27045441 -1.02908737 -9.18765545 4.13513356
