10.74086552 0.17014068 -8.63504028 3.52232065
10.61948395 0.40949841 -8.62358227 3.91855021
10.70246238 -0.31707843 -8.64023437 4.37333355
10.75949249 0.16108885 -8.79079151 3.25676594
10.85957413 -0.08089896 -8.84042892 3.31759367
10.92424526 -0.31886652 -8.88857746 2.75491185
10.69831772 -0.31716672 -8.74871864 3.35316601
10.53533058 -0.68016008 -8.76564140 3.80188437
10.43081131 -1.05784945 -8.80393448 3.21816821
10.72497864 0.17232885 -8.47980538 2.58841667
10.62393151 -0.06440189 -8.40729198 2.79662037
10.43636818 -0.23826833 -8.41011352 2.51949281
10.71022663 -0.31973369 -8.52955036 3.53071513
10.82760220 -0.69580915 -8.55050545 3.01692748
11.02751140 -1.03923099 -8.57540417 3.68341808
