7.39848820 0.17689336 -6.61412907 3.99518331
7.37865050 0.39612421 -6.77213144 3.75650438
7.40875753 -0.32910508 -6.61199602 4.70743052
7.55310758 0.17773177 -6.57584763 3.70527935
7.60592381 -0.09154745 -6.55975485 3.51738119
7.61247285 -0.32714428 -6.60409864 3.00810687
7.49740633 -0.33268320 -6.57490762 3.91053295
7.42843104 -0.69957471 -6.56051222 4.13046328
7.30260515 -1.00420551 -6.36766291 3.44258499
7.24617608 0.17357920 -6.65124861 2.89990552
7.18010315 -0.09376832 -6.62799025 2.99899180
7.15669823 -0.34367721 -6.65624746 2.83877190
7.30801296 -0.33118027 -6.63888010 3.75111945
7.33433834 -0.69534204 -6.70259031 3.59178638
7.38431184 -1.07021328 -6.66049242 3.75906976
