11.17562751 0.18777077 -9.35279045 4.41314278
11.28189907 0.38125268 -9.25122757 4.22002201
11.14018135 -0.31274435 -9.35515594 4.94892006
11.08597870 0.20120511 -9.22110443 4.14461603
11.07753620 -0.04968806 -9.13673553 3.61036596
11.24466972 -0.20741460 -9.07186317 3.42401361
11.05374221 -0.31229920 -9.28429565 4.08008270
10.95996456 -0.68444382 -9.29344063 4.43046017
10.79830875 -1.02532120 -9.36131496 4.30808601
11.27386437 0.18756927 -9.47520389 3.04181566
11.35067806 -0.05533427 -9.52399292 3.16153298
11.37585449 -0.28539060 -9.50574016 3.93415861
11.22385025 -0.31667242 -9.42814140 4.02453651
11.36307945 -0.66971978 -9.42328644 4.03418417
11.46201286 -1.04779699 -9.44773083 4.34927511
