26.18178558 0.19310436 -8.59546604 4.27183618
26.15896797 0.42041026 -8.48347645 4.04282498
26.19117164 -0.30768435 -8.62679462 4.90663500
26.05237465 0.20183852 -8.67562294 4.03551784
25.98443108 -0.06013370 -8.76420021 3.66153936
25.90084495 -0.29580133 -8.78607006 2.65241012
26.11484070 -0.30675429 -8.69868431 3.99577975
26.07292061 -0.68032188 -8.68244438 4.10177669
26.16433182 -1.00956697 -8.85093517 3.41335134
26.30872422 0.18583402 -8.50983200 3.02299309
26.35711784 -0.08840830 -8.46505318 3.09790964
26.31398277 -0.32329697 -8.40149383 2.68359041
26.27271233 -0.31196073 -8.56348744 4.03004370
26.24147949 -0.69216060 -8.55926361 3.70834312
26.25607338 -1.06594503 -8.65304356 4.00143194
