16.09554214 0.19848776 -6.51382770 4.30508061
15.96843148 0.38407649 -6.39338303 4.13334961
16.14408836 -0.27881423 -6.52625007 4.86666984
16.04699821 0.20570220 -6.65847149 4.08460464
16.02288094 -0.02950419 -6.78079644 3.69556246
15.86667480 -0.17083090 -6.67012930 3.45732579
16.13344917 -0.27974391 -6.62858057 3.90191984
16.14779892 -0.66259796 -6.60592757 4.49657164
16.31799660 -1.00493471 -6.63086834 4.18018570
16.14891281 0.19566611 -6.36577520 3.00569248
16.25891266 -0.03791639 -6.30934258 3.14064193
16.20903397 -0.27133205 -6.29279719 3.46787677
16.15827599 -0.28675049 -6.42198696 3.89321470
16.00694580 -0.64477216 -6.39899769 3.92660217
16.12156677 -0.97855571 -6.43980141 4.51005525
