20.21030062 0.20604897 -6.79156563 4.38025397
20.19398464 0.38181000 -6.95091881 3.75031413
20.19386049 -0.28066605 -6.76220798 4.95038067
20.34526461 0.20843271 -6.73401416 4.04690335
20.41543787 -0.04600424 -6.68196861 3.68946570
20.49340872 -0.19550474 -6.77360743 3.49636208
20.29462225 -0.28056193 -6.74484235 4.13646499
20.41974380 -0.64500942 -6.83718755 4.49294905
20.51457769 -1.00860373 -6.91816386 3.92162455
20.07226736 0.20846484 -6.84448771 3.05339869
20.02702887 -0.05100979 -6.90242611 2.98947707
20.08462611 -0.23473782 -7.02887232 3.24517560
20.09460310 -0.27892775 -6.79058968 3.96116942
20.03063722 -0.66693838 -6.74203734 3.83632368
19.97290438 -1.02879794 -6.62013392 4.00943097
