5.40530996 0.16010934 -7.31716891 4.10268374
5.21404094 0.35747457 -7.24430209 3.60538235
5.40166569 -0.35424286 -7.35090265 4.61862764
5.32333374 0.17039921 -7.44245310 3.67587185
5.31313877 -0.09623859 -7.53405208 3.14286174
5.18321486 -0.28746727 -7.42737255 2.40815287
5.33623286 -0.35334576 -7.43590336 3.48705931
5.23066644 -0.70298000 -7.35064287 3.90868373
5.17433719 -1.08978593 -7.29217062 3.48897219
5.48165855 0.14946044 -7.18249473 2.95074864
5.50192003 -0.13408936 -7.17488394 3.07712727
5.37016239 -0.36849441 -7.11677103 3.20286689
5.47297592 -0.35021277 -7.26973247 3.94687109
5.49914885 -0.73002368 -7.31696157 3.23908219
5.62793150 -1.10241627 -7.40815401 3.85643682
