23.43684654 0.19217810 -10.41007194 3.86372643
23.23771782 0.36061602 -10.50010910 3.87177963
23.50141563 -0.28697786 -10.40830708 4.68670501
23.49820900 0.19588285 -10.55853538 3.24616280
23.63007660 -0.04075122 -10.60326004 3.34028978
23.73512840 -0.26356815 -10.65343628 2.57784939
23.51587944 -0.29071221 -10.51159534 3.80882883
23.31718483 -0.65024163 -10.53300838 3.88507828
23.17940445 -1.02365329 -10.51809940 3.51711636
23.38881226 0.18810940 -10.25745392 2.55865217
23.33506546 -0.06850760 -10.18644600 2.99776077
23.18928489 -0.27533498 -10.19261951 2.79902869
23.49580346 -0.28318280 -10.30063820 4.00436559
23.58732719 -0.67254571 -10.33512135 3.33750267
23.78280563 -1.02504573 -10.37950344 3.51042404
