24.25157471 0.21620028 -8.97155972 4.01178389
24.39926414 0.40206868 -9.04444733 3.79614639
24.24700775 -0.29412671 -8.98682442 4.63977861
24.32016945 0.22716608 -8.83357964 3.80162735
24.20721855 0.00700746 -8.72900620 3.60577474
24.10151749 -0.14088432 -8.61128025 3.61683178
24.29198647 -0.29666498 -8.88924198 3.86802001
24.43067513 -0.65596926 -9.01116390 4.01679468
24.40032806 -1.04951556 -9.03168373 3.24135275
24.19149437 0.20818847 -9.11514492 2.77392282
24.06795311 -0.01332972 -9.17674027 2.84801879
24.18312912 -0.19790134 -9.24968681 2.46579857
24.18681908 -0.29757327 -9.07781639 3.87394414
24.17358132 -0.68976427 -9.04689598 3.07848263
24.06441727 -1.04871182 -8.96067562 3.49939408
