14.99594192 0.20500688 -9.77211609 4.25823212
14.84946404 0.38213475 -9.76206684 4.04113016
15.02749176 -0.30149990 -9.79978924 4.63246460
15.04155407 0.21847710 -9.90962276 4.31846695
15.03070317 0.03391449 -10.08019467 3.61986465
14.89203320 0.21262594 -9.99572124 3.18345356
15.04535217 -0.29826551 -9.90377960 3.69341316
15.07619552 -0.68404099 -9.91564159 4.02106924
15.18744774 -1.04060934 -9.92070618 3.97374563
14.96391086 0.19480105 -9.62648354 2.82200870
15.01386509 -0.04617182 -9.54852581 2.98869367
14.94052200 -0.27112723 -9.55024319 3.26151170
15.00672054 -0.30782139 -9.69679318 3.80267835
14.89245797 -0.66941440 -9.64843025 3.63188371
14.88605804 -1.03554306 -9.55047378 3.96298246
