13.08580208 0.19534342 -7.52073955 4.05347004
13.05510426 0.35721963 -7.34302473 3.82085600
13.10172119 -0.31333094 -7.55183582 4.72247305
12.92809563 0.20195757 -7.56792965 3.70278606
12.81865063 -0.03799683 -7.60298653 3.47720518
12.82192154 -0.22548565 -7.47364378 2.87105699
13.00281105 -0.31388115 -7.59991818 3.78501920
12.95432472 -0.69159293 -7.58798971 4.24668741
13.03373738 -0.97587272 -7.85859327 4.08234482
13.24479714 0.19447053 -7.47567396 2.91197123
13.34202652 -0.03715210 -7.57458535 3.03853779
13.39417763 -0.26495084 -7.55332060 3.17090120
13.20141220 -0.31663002 -7.50329762 3.87081938
13.17721844 -0.67618817 -7.38009567 3.56691341
13.24581775 -1.05167114 -7.42471532 3.97946424
