13.30424213 0.16706572 -8.06581974 3.90708709
13.52684021 0.29278299 -8.13516903 3.66373539
13.15961838 -0.32861394 -8.05175400 4.72528696
13.35767746 0.17728090 -7.92180014 3.80202198
13.30351353 -0.05717828 -7.82254505 3.44507408
13.42156219 -0.25939757 -7.88970280 3.20075750
13.15164757 -0.33120024 -7.93885183 3.91192365
13.03753090 -0.69850039 -7.94865036 4.06229734
12.84771919 -1.03979540 -7.90691090 3.84391570
13.25076962 0.15868877 -8.21067238 2.93979836
13.11517143 -0.06190082 -8.24616623 2.92686367
13.15881824 -0.28815964 -8.31749725 2.96297169
13.15128803 -0.33220336 -8.16140270 3.90765953
13.30215836 -0.68561649 -8.18623257 3.68996024
13.26573086 -1.06101000 -8.21974087 4.06019783
