14.75683975 0.18257208 -8.05658455 4.03980017
15.02223721 0.33469376 -8.02319622 3.87338533
14.63201828 -0.30633909 -8.08713360 4.82993431
14.76893616 0.17417194 -7.90988083 3.88482866
14.71498241 -0.06621501 -7.84902363 3.77480030
14.84799080 -0.17230444 -7.96905842 3.91499371
14.61630096 -0.31567154 -7.98298187 3.83882804
14.55793304 -0.70383639 -8.06962947 4.40377245
14.35910435 -1.01814218 -8.18843956 3.94736896
14.72255993 0.18700886 -8.20298271 2.86541314
14.56732063 0.00164258 -8.29220276 3.02274814
14.71656017 -0.17622774 -8.26503467 3.10226607
14.64200496 -0.30255404 -8.19351272 3.90742665
14.80540295 -0.65238346 -8.18570786 4.26601086
14.62543583 -0.92946632 -8.19790116 4.87526732
