26.31895675 0.22612505 -10.74035549 4.39233360
26.44063148 0.38477955 -10.61425724 4.00703535
26.23074531 -0.28520635 -10.76240425 5.08108845
26.21117096 0.24907547 -10.62947807 4.29102192
26.00290108 0.12961374 -10.54791202 3.75599231
26.10534706 -0.05731092 -10.61253872 3.77741995
26.15396423 -0.29169465 -10.69149323 4.03002615
26.16545868 -0.66349912 -10.61721630 4.25746298
26.10374794 -1.05823259 -10.59901410 3.44309778
26.43361054 0.20251672 -10.85757542 2.94988794
26.53178291 0.03640370 -11.05708522 2.72310715
26.44468765 -0.09263211 -10.89981422 2.84453645
26.29982147 -0.29518861 -10.84763260 4.13590602
26.32103500 -0.67610480 -10.83687667 3.43446646
26.33276176 -1.06410394 -10.82220841 3.46275592
