24.31572952 0.25489185 -3.37080446 5.69489012
24.32749634 0.44861410 -3.56815891 4.01518965
24.30960159 -0.26523220 -3.32261848 5.59889507
24.41605949 0.25368096 -3.44509578 4.72151632
24.46754837 0.00890679 -3.40156507 4.28849554
24.48050117 -0.24126191 -3.39699045 4.09144512
24.37730636 -0.27369461 -3.40009489 4.89073124
24.32271194 -0.67260861 -3.50006800 5.13938770
24.40824584 -1.03817563 -3.47117324 4.42542524
24.23519364 0.27024794 -3.29160423 4.43249311
24.13167877 0.10103002 -3.15966053 4.50110856
24.09364434 -0.04235650 -3.22544985 4.65921297
24.23563118 -0.27225693 -3.24966459 4.38159856
24.13871383 -0.66025535 -3.28618507 4.70148783
24.22688561 -1.02526038 -3.23636102 5.29541606
