11.09417839 0.14088532 -6.99152422 4.24799061
10.97583428 0.30708791 -7.07077541 4.12280465
11.08067131 -0.35278786 -7.01389599 4.76456623
11.16671200 0.14375578 -7.12250776 3.86497350
11.23871994 -0.10008213 -7.15829153 3.81110478
11.02746067 -0.16328392 -7.14433136 4.17593298
11.15562553 -0.35230426 -7.09825468 4.02792578
11.17914543 -0.74307487 -7.13084459 4.69753780
11.36743069 -0.97490183 -6.90752449 4.36398220
11.03128357 0.13750915 -6.85523252 2.93258390
11.11669178 -0.08251412 -6.75366096 3.13451347
11.04923172 -0.30638095 -6.75442295 3.05396271
11.00618096 -0.35771734 -6.92959318 4.03562021
10.90671730 -0.71720922 -7.07378187 3.62748637
10.90703506 -1.07650087 -7.04997959 4.31259994
