20.67794342 0.23612054 -5.89704008 4.63146467
20.75808487 0.40765711 -6.06830501 3.86905017
20.67216606 -0.29919564 -5.94036598 4.92465782
20.82472496 0.23877808 -5.90661345 4.16592531
20.89590759 0.05565628 -6.07324266 3.65757098
20.82454033 0.27894067 -6.06916027 3.68965416
20.78373985 -0.30146297 -5.96544256 4.07540207
20.79928474 -0.69071225 -5.93601484 4.30071211
20.84441834 -1.05708353 -5.90473156 3.93917875
20.54745522 0.22684311 -5.85414705 2.93876853
20.49077987 -0.02424370 -5.81318521 3.04293895
20.49767227 -0.25459197 -5.81736469 3.63821592
20.56082764 -0.29731527 -5.92737236 3.94194613
20.51315422 -0.67200496 -5.97554064 3.89818964
20.49665146 -1.05169728 -5.90839796 3.92757254
