20.83615952 0.25039918 -6.03259334 4.28676786
20.98873177 0.45324148 -6.06561660 3.85025558
20.82414475 -0.26079902 -6.06932249 5.00516605
20.88366508 0.25134304 -5.89846964 4.18500175
20.85405083 0.00411004 -5.86095505 3.85783348
20.99977226 -0.11512677 -5.96958266 3.64728384
20.81842193 -0.27328647 -5.96621189 4.07986011
20.80947914 -0.66031708 -6.01136684 4.48372460
20.69818039 -1.03786528 -6.03596220 4.37110119
20.80007744 0.25113227 -6.16769724 2.91352291
20.72669792 0.01130686 -6.20879431 3.17005883
20.85284424 -0.14377192 -6.27282657 4.08946085
20.81921272 -0.25654298 -6.17304106 3.91830511
20.92164192 -0.63463206 -6.17766304 4.30134897
20.74326896 -0.98653066 -6.17672100 4.13265209
