24.06818238 0.21064544 -9.37317810 4.21711016
24.20958748 0.40430654 -9.38864727 3.81010022
24.03787308 -0.28490195 -9.36956272 4.76873169
24.06469345 0.21868327 -9.21095657 3.80713405
23.94609604 -0.01355741 -9.16902962 3.55557408
23.92940789 -0.23700751 -9.15681496 2.48924570
24.03077927 -0.29016004 -9.25930328 3.90873151
24.16158257 -0.65349065 -9.28634548 3.85173092
24.06916123 -1.03887745 -9.26207695 3.64377179
24.08324814 0.20274795 -9.54184018 2.84815264
24.01198311 -0.04380835 -9.62538986 2.81824021
24.15014687 -0.23196451 -9.64930115 2.21428809
24.02455749 -0.29050699 -9.47584705 4.07272148
23.98174095 -0.67312325 -9.44777375 3.25684648
23.88221283 -1.06333230 -9.41443271 3.50285864
