17.18482666 0.23173711 -10.45326405 4.20290050
17.08936615 0.40098258 -10.30526905 3.86082897
17.23031501 -0.28205255 -10.46529026 4.71055889
17.13606873 0.25063067 -10.59645538 3.96023541
17.18673782 0.12388587 -10.80811997 3.43753414
17.11656685 -0.05951177 -10.68767338 2.92279711
17.19484902 -0.28141555 -10.56557503 3.68907976
17.06290627 -0.65192123 -10.54527511 4.09403019
17.11486664 -1.04209917 -10.57881260 4.06353417
17.22906189 0.21949637 -10.30312748 2.99023071
17.32812080 -0.01384234 -10.23311634 3.11185923
17.19840431 -0.21425557 -10.21166077 3.25081382
17.26556625 -0.28767386 -10.36329594 3.86022916
17.35465546 -0.66482952 -10.36215363 3.62535495
17.59396324 -0.96714766 -10.38172111 4.09751825
