11.02163162 0.19617326 -10.59109058 4.23370915
10.95240383 0.39421928 -10.44562111 4.09268827
11.01792717 -0.31262599 -10.57629070 4.77827444
10.92720509 0.20058574 -10.72192955 3.81612744
10.99965916 -0.02161212 -10.85113068 3.55723452
11.02935047 -0.24522645 -10.87967014 3.04012055
10.95701637 -0.31098438 -10.66927318 3.82494383
10.82265148 -0.67766143 -10.65263748 4.18292198
10.77633438 -1.05928387 -10.70479088 4.01713576
11.12113113 0.18746131 -10.46284409 2.97986669
11.18531266 -0.08245986 -10.42418480 3.05296106
11.04275131 -0.19934454 -10.30779876 3.27154941
11.08376922 -0.31701136 -10.48629494 3.84884577
11.13158092 -0.70199329 -10.48893852 3.79814701
11.26338024 -1.06831052 -10.50897236 4.36311931
