13.58580975 0.19491804 -6.37827458 4.16715967
13.43667689 0.38370882 -6.43456880 4.23107082
13.54663713 -0.31131833 -6.36730808 4.98344541
13.60385347 0.19723046 -6.53087012 3.87551006
13.74526514 0.00290508 -6.59424366 3.67616971
13.53360875 -0.09461801 -6.58000061 3.29132551
13.55664683 -0.31392903 -6.47100267 4.02077039
13.48865393 -0.69303285 -6.42807000 4.43746059
13.60257413 -1.05064046 -6.39372417 4.35817291
13.57547216 0.19168091 -6.22481672 2.96966577
13.61999953 -0.03845022 -6.12087802 3.08995454
13.49156900 -0.18538927 -6.16674005 3.48904690
13.54318449 -0.31549802 -6.26313390 3.85045798
13.52123625 -0.69632598 -6.26961870 3.90662632
13.72760825 -0.96039212 -6.20661310 4.54935392
