22.07777748 0.19216603 -10.63378620 4.60881061
22.03996696 0.34844387 -10.44992772 4.01046114
22.12767410 -0.33239443 -10.65328922 5.11056185
21.94814720 0.21192137 -10.56486721 4.14003372
21.75849342 0.06855156 -10.61427040 3.90651484
21.86314506 -0.07676146 -10.49066334 3.57318506
22.06089859 -0.33850383 -10.57462120 4.08624401
22.19457130 -0.70302899 -10.51432228 4.14034395
22.14524041 -1.07950230 -10.52900829 4.04189129
22.21667022 0.18630012 -10.67741928 3.03145714
22.27586288 -0.04283697 -10.63642521 3.52538352
22.27467422 -0.08002674 -10.42356567 3.45566640
22.18505020 -0.32885261 -10.74160785 3.93377342
22.17268601 -0.71779301 -10.72308082 3.77485042
21.94828263 -1.00617174 -10.88168984 4.25878381
