10.79477959 0.20004936 -10.63456249 4.26941243
10.70425644 0.40655373 -10.53096962 4.26655588
10.74389114 -0.33579586 -10.62622337 4.81889810
10.69646130 0.20137150 -10.75694465 3.90981293
10.67289238 -0.07131075 -10.80811501 3.66011143
10.62764702 -0.30208267 -10.78332520 2.93388052
10.68202572 -0.33734302 -10.71808395 3.81256995
10.66717205 -0.69829762 -10.71858082 4.29428959
10.71427193 -1.07418466 -10.72705841 3.96303110
10.88396130 0.18950391 -10.50544624 2.85282254
10.93920174 -0.08682616 -10.49522533 3.12745786
10.90997963 -0.31884992 -10.43869343 3.04918318
10.81103172 -0.34243372 -10.54255695 3.92809720
10.83508492 -0.69962717 -10.59936523 3.79976563
10.89587974 -1.05957861 -10.62397537 4.34564724
