24.79956169 0.20421489 -9.36116886 4.41425476
24.77327079 0.36642675 -9.18301983 3.86083107
24.88095436 -0.29383923 -9.40140056 4.70532475
24.66589203 0.19958202 -9.44079361 3.82060003
24.66044273 -0.04365521 -9.56593151 3.44896517
24.64714126 -0.28339236 -9.55008488 2.68676782
24.80880699 -0.30515802 -9.47962361 3.79145870
24.85003357 -0.68535859 -9.45940285 3.91057243
24.98019982 -1.04224665 -9.51779099 3.74654532
24.93463096 0.20597353 -9.28534679 2.98752489
25.06437912 -0.02703608 -9.32747688 3.13229942
25.05957604 -0.24337565 -9.25240192 2.36255207
24.96198425 -0.29641541 -9.33320084 3.94458408
24.97687988 -0.65681545 -9.24503403 3.60956340
25.11171951 -1.01837268 -9.30559444 3.88485508
