26.76677437 0.21533370 -9.41497097 4.20948563
26.90218201 0.40134405 -9.44824886 3.87454562
26.77785835 -0.29729478 -9.43364010 4.93937111
26.77944603 0.23014502 -9.25174637 3.96046868
26.70070496 -0.02047018 -9.19411392 3.46757517
26.84869957 -0.17423638 -9.25062867 2.05224366
26.75730248 -0.30625642 -9.31698551 3.89856425
26.86042404 -0.67267894 -9.28309784 4.25026464
26.78045006 -1.05923066 -9.23824291 3.34508386
26.75639763 0.20479421 -9.57802753 3.00888643
26.67682419 -0.03427344 -9.66140938 2.83441157
26.80291023 -0.21867258 -9.68629341 2.78785562
26.78554726 -0.29383320 -9.54871712 4.01934018
26.85504608 -0.65755115 -9.63286419 3.43998413
26.67210198 -1.00596977 -9.73529606 3.39153605
