10.96683292 0.18845438 -6.87731571 3.75099401
11.00633259 0.38244635 -7.02592058 3.86385727
10.99847069 -0.33143643 -6.89494362 4.47264423
11.12397957 0.19464591 -6.84958544 3.30461564
11.15793801 -0.07639847 -6.83931570 3.51805758
11.16222019 -0.29563519 -6.93341541 2.47031341
11.10277119 -0.32910318 -6.85098457 3.59954090
11.12480297 -0.70348372 -6.84979801 4.03123860
11.02036667 -0.98705168 -6.61263914 3.71080208
10.80835647 0.18382783 -6.90389109 2.71453624
10.74816303 -0.08476557 -6.88352213 2.94118852
10.76479302 -0.31619529 -6.95319653 2.58392878
10.89040890 -0.33499139 -6.91790047 3.73194590
10.89770394 -0.70629226 -6.95744114 3.14841127
10.88377495 -1.08009262 -6.98963709 3.61576252
