23.94392242 0.19519439 -8.49013481 4.22803688
24.05688439 0.37155607 -8.60468026 4.02768321
23.93290367 -0.32257891 -8.50772858 5.02726145
24.05076942 0.20631559 -8.38493958 4.20082073
24.18443108 -0.00125370 -8.40958195 4.10528164
24.33256416 -0.05943169 -8.62209740 3.26091041
23.97591247 -0.32293819 -8.41071987 4.13117447
23.99616165 -0.69991158 -8.39508190 4.23121090
23.89865112 -1.06501682 -8.30031662 4.29130955
23.84792938 0.19102234 -8.60749817 3.04370070
23.70074463 -0.00792317 -8.60383416 3.20607644
23.82612228 -0.19053492 -8.66146240 3.27984619
23.88185653 -0.31952351 -8.60037727 4.00635290
23.94717293 -0.67743132 -8.75336685 3.77204776
23.96796989 -1.06219173 -8.85764732 4.30888701
