19.68241539 0.21059670 -5.66600332 4.50755234
19.59753914 0.39000338 -5.83028774 4.59221687
19.75160370 -0.30097845 -5.62411671 5.37371712
19.74871064 0.21956886 -5.78848028 4.30520702
19.86795998 0.02968443 -5.88735905 4.24072390
19.68380661 -0.04097952 -5.81694422 4.03446784
19.77291984 -0.30592946 -5.72362051 4.44490032
19.66744309 -0.68087541 -5.69097604 5.08360338
19.80179520 -1.02637298 -5.61126728 4.66854686
19.63640786 0.21174349 -5.53351078 3.20465307
19.68164215 -0.00548496 -5.42836571 3.28466768
19.53671265 -0.04465716 -5.59370136 3.74534139
19.72537079 -0.29843525 -5.52475167 4.21269941
19.63749237 -0.68504539 -5.55797147 4.64159718
19.93465309 -0.90895914 -5.50345507 5.13435145
