26.29511947 0.22271480 -10.68674526 4.35277043
26.42731552 0.40268621 -10.61725254 4.09568662
26.29865265 -0.28897968 -10.66151485 4.90899573
26.24085121 0.24738229 -10.53014145 4.29977083
26.07327500 0.13859620 -10.38705425 3.80915517
26.22073822 -0.00679360 -10.46523743 3.76582823
26.23967857 -0.29577886 -10.57114925 3.90133028
26.25702401 -0.67553861 -10.55814629 4.27223349
26.13655624 -1.06463115 -10.56664925 3.39688706
26.37207222 0.20593562 -10.84589462 2.88322735
26.39968758 0.02175369 -11.03808975 2.92001815
26.41837387 -0.07888613 -10.85071507 3.00889826
26.35378456 -0.29427964 -10.75844364 4.16136703
26.34744110 -0.68020239 -10.75984707 3.29850483
26.34556427 -1.07292888 -10.78477402 3.33382873
