11.54322377 0.20020040 -6.12979765 4.06178208
11.58118801 0.36406599 -6.29796944 3.64894323
11.52660217 -0.32915816 -6.12326584 4.63317175
11.62857227 0.21113172 -6.00407877 3.74365764
11.55928116 -0.02266247 -5.89688731 3.60194664
11.45884762 -0.22483661 -5.83876171 2.41527648
11.55727081 -0.32949473 -6.02067594 3.91353044
11.65990352 -0.70273180 -5.97080860 4.27662564
11.68845653 -1.08303607 -5.84619560 3.71880575
11.46380481 0.19227223 -6.25593949 2.84462395
11.39048195 -0.06047502 -6.27358179 2.88247290
11.44995671 -0.28307091 -6.33065529 2.54747920
11.48048782 -0.32749418 -6.22010917 3.82241540
11.48715554 -0.70575907 -6.25700751 3.46969538
11.39059296 -1.07207725 -6.23565064 4.72523212
