20.67865562 0.24484383 -5.92260056 4.43789358
20.70010071 0.39985870 -6.09771690 3.55643539
20.67092438 -0.28154636 -5.95545168 4.85033007
20.82171860 0.24073407 -5.93702993 4.05974617
20.94677582 0.13193178 -6.11189069 3.56870566
20.86187553 0.33209073 -6.04315376 3.43154297
20.77929573 -0.28326352 -5.98582754 4.06292219
20.75206604 -0.69117033 -5.95674553 4.35363960
20.79579925 -1.06213536 -5.92741470 3.94655476
20.54056854 0.23523704 -5.89233990 2.86575951
20.48188439 -0.01623599 -5.85993128 3.06502137
20.48033676 -0.23916841 -5.91716509 3.55772720
20.56459121 -0.27942951 -5.93405657 3.92800531
20.52267342 -0.67239283 -5.94683447 4.07406197
20.49580040 -1.05316978 -5.90582104 3.97383461
