11.00827961 0.16214692 -7.15585480 3.83202886
10.84734192 0.34844802 -7.24815502 3.71900968
11.02934532 -0.34269394 -7.16751270 4.29327678
11.09807282 0.16077800 -7.27937012 3.39454184
11.17755165 -0.09431118 -7.28789654 3.33396506
11.12770386 -0.32658894 -7.33812475 2.60782098
11.10004063 -0.34484700 -7.23931294 3.45836582
11.16886386 -0.70910686 -7.30404768 3.84097338
11.31875095 -1.05920577 -7.33384962 3.51605654
10.92125588 0.16527621 -7.03138895 2.71624755
10.94032574 -0.09099749 -6.96233549 2.86522556
10.93610687 -0.33089305 -6.95876875 2.44384184
10.95893994 -0.34394063 -7.08724575 3.54718547
10.90527591 -0.70792752 -7.12566481 3.14429760
10.89391155 -1.07713434 -7.03968315 3.62389478
