17.93196945 0.26691425 -10.75535564 4.02827101
18.03270836 0.44030140 -10.64160404 3.96678457
17.90744171 -0.25840696 -10.76770916 5.00223827
17.86554985 0.28307548 -10.62811966 4.40334291
17.68849182 0.16353856 -10.56633167 4.36962733
17.80189399 -0.01037337 -10.54867210 3.30832553
17.86855926 -0.26280519 -10.67469062 4.06956711
17.95395660 -0.64465191 -10.73205681 4.39154701
17.93011512 -1.04396433 -10.80092144 4.21830244
18.01527596 0.26199893 -10.88241081 2.95209088
18.05969124 0.02575576 -10.94396171 3.11175718
18.16134987 -0.02679413 -10.73977394 3.66277933
17.93714408 -0.25864921 -10.86515961 4.05239945
17.77690735 -0.63563878 -10.86595955 3.71881194
17.51388817 -0.93807638 -10.91061249 4.15980130
