11.59383392 0.19390350 -10.39544658 4.00236873
11.61680622 0.35128709 -10.24395981 3.73516865
11.59255867 -0.33925134 -10.40360394 4.50662765
11.45429840 0.19444466 -10.36284886 3.84546852
11.29716206 0.06210376 -10.21270199 3.46365619
11.45899391 0.25942873 -10.22860870 3.10908561
11.49850426 -0.33413848 -10.35115070 3.72498149
11.53409214 -0.69259373 -10.23645420 3.94019527
11.49168129 -1.08057921 -10.19084892 3.93259869
11.74108658 0.19711403 -10.43610592 2.81625376
11.80637722 -0.05144644 -10.44187870 3.01830821
11.86156807 -0.26334860 -10.33509598 3.76318321
11.69122200 -0.34343726 -10.45575447 3.87733608
11.64883328 -0.71685567 -10.51187248 3.34898176
11.58575420 -1.08036625 -10.63679009 3.83149576
