14.72151699 0.16902938 -11.92787914 4.11833802
14.62496185 0.34632324 -11.83660240 4.05967341
14.72525216 -0.34951645 -11.97371330 4.76977158
14.65554466 0.18841427 -12.06676865 3.98998890
14.61876336 -0.02453408 -12.17437095 3.60508814
14.52974110 -0.08532824 -12.00374069 3.47009334
14.69529972 -0.34396584 -12.07314682 3.81287012
14.65197887 -0.71007271 -12.10990448 4.49354821
14.94804325 -0.93368600 -12.17938862 3.99243822
14.79190979 0.15098952 -11.78621788 2.98736572
14.92256927 -0.07448137 -11.77332020 3.31670628
14.75994263 -0.22536731 -11.78147068 4.40462470
14.75920411 -0.35908260 -11.87316399 3.84720068
14.70633220 -0.72509786 -11.94824810 3.84940281
14.81984158 -1.05501883 -12.05905171 4.19857521
