16.95651818 0.19947350 -6.43780689 4.47697087
16.84129028 0.38913910 -6.55343065 4.00984468
16.99991303 -0.29724276 -6.44398995 4.97137680
16.98979263 0.20718495 -6.58811989 4.08863440
17.15336036 0.00038383 -6.60739937 3.64519253
17.30772629 -0.19318658 -6.59215097 3.36336365
16.98936196 -0.30188386 -6.54937153 4.00467200
16.82551422 -0.68564621 -6.50600653 4.46837225
16.77082061 -1.05058260 -6.43597259 4.42831831
16.92503242 0.19643107 -6.29435082 2.84145951
16.90659943 -0.04091375 -6.18190679 3.07315121
16.76570587 -0.22033713 -6.18890094 3.57314558
17.00913429 -0.30102321 -6.34008331 4.00026445
17.10528107 -0.69020658 -6.39189778 3.97869959
17.24720077 -1.03515172 -6.44976225 4.26791200
