26.03501129 0.22345874 -10.99033165 4.38409948
26.11598206 0.36836442 -10.84710121 4.06247139
25.97627640 -0.31774873 -11.02526474 5.10433578
25.89208603 0.24384332 -11.03156948 4.06769419
25.81254578 0.08394457 -11.16518879 3.77082109
25.85205841 -0.04788962 -11.01165581 3.42246604
25.88677216 -0.31657544 -11.07843113 3.97429609
25.86400795 -0.71844304 -11.04099464 4.20914555
25.87916183 -1.08508623 -11.07629395 3.94190884
26.16195679 0.21236801 -10.92854786 3.26287222
26.29201317 -0.00577885 -10.94048309 3.26364589
26.06612015 -0.11778405 -10.92669773 3.46572113
26.08340836 -0.32683274 -10.99178505 4.20841217
26.08422661 -0.72896397 -11.02643681 4.07784224
26.18202782 -1.09067297 -11.09244823 4.33751345
