16.84304580 0.22359033 -11.31647263 4.09306374
16.74721108 0.42403286 -11.31772690 4.03510351
16.82835693 -0.28848977 -11.30933113 4.76738786
16.83064956 0.22324604 -11.46019898 3.50894289
16.78341103 -0.03569322 -11.51716709 3.53700257
16.66483917 -0.24067483 -11.50696888 2.57147451
16.83318901 -0.29893221 -11.41420098 3.77024407
16.83044281 -0.68008269 -11.38740673 4.21412124
16.93353730 -1.05345495 -11.35599137 4.23879804
16.85318107 0.22857650 -11.17139130 2.86080846
16.92905350 -0.02336848 -11.12266178 3.01016903
16.86859360 -0.25116502 -11.12243595 3.14790445
16.82276421 -0.28985401 -11.20662537 3.88215537
16.65128555 -0.63719740 -11.23447228 3.79820433
16.80847893 -0.98930563 -11.23191338 4.05492411
