24.53790741 0.18963041 -9.32649383 4.33910933
24.44618607 0.33077797 -9.14952602 4.06664715
24.59262772 -0.32495805 -9.37663688 4.64121304
24.42912292 0.20640908 -9.42716351 3.93823595
24.41514015 -0.03369948 -9.54453984 3.46202588
24.28607102 -0.20759374 -9.46983051 2.62154999
24.56221351 -0.33151674 -9.48180371 3.83073463
24.61909523 -0.70739274 -9.45127697 3.81029796
24.89160385 -0.98559870 -9.51340771 3.44540596
24.66470566 0.18443289 -9.23707313 2.97160344
24.77974434 -0.05593147 -9.26515770 3.12003174
24.75966530 -0.28020769 -9.21902809 3.52354374
24.62644806 -0.32622300 -9.27563877 3.76750975
24.48307037 -0.67687417 -9.21585636 3.48326230
24.49684563 -1.05959427 -9.22618503 3.43522139
