26.10472030 0.20393589 -10.77717743 4.34893684
26.18105087 0.36761023 -10.60926647 3.95617399
26.05447311 -0.32813555 -10.82562713 5.01482486
25.96066932 0.22484854 -10.69912262 4.07031479
25.82017975 0.00028607 -10.68069077 4.11917553
25.99071617 -0.13564840 -10.69596215 3.12405648
25.95206680 -0.32454374 -10.77163334 3.96254501
25.92798233 -0.70711701 -10.76240062 4.39323731
25.84241676 -1.04837987 -10.90572834 4.09817896
26.25576630 0.19128229 -10.84640388 2.98870650
26.38579254 -0.01302222 -10.96908226 3.02071251
26.25530701 -0.13494666 -10.84975433 3.16647816
26.16012230 -0.33415057 -10.87868957 4.07323809
26.17186814 -0.71638496 -10.84554444 3.72305917
26.23513794 -1.08915372 -10.79279919 4.26021375
