13.62990436 0.22324865 -6.05418520 4.28019171
13.82373600 0.39823990 -6.10410500 4.08668909
13.50790252 -0.28836247 -6.03796110 5.08474912
13.66661015 0.24136832 -5.90455532 4.34300556
13.51333580 0.14106975 -5.73266888 3.85819750
13.53797989 -0.06455718 -5.76352501 3.45428381
13.52066498 -0.28856757 -5.93372908 4.11057492
13.59790669 -0.66474184 -5.97628488 4.54673690
13.34135628 -0.93945194 -5.98535843 4.49467153
13.60836792 0.20849382 -6.20570879 3.01061730
13.58377037 -0.01994561 -6.30799398 3.08333740
13.77646599 -0.05803783 -6.21977482 3.33386421
13.48449745 -0.29320949 -6.14260883 4.04014168
13.42584572 -0.68606375 -6.13195772 3.87830773
13.28102112 -1.02941537 -6.15824385 4.30148210
