21.71186790 0.23048496 -12.20151710 4.42114734
21.64544296 0.40143927 -12.06353931 4.04521265
21.74026718 -0.30190865 -12.19044018 5.21654739
21.62420883 0.23394067 -12.32100620 4.17893467
21.60099602 0.01690286 -12.43879566 3.78122072
21.52333565 -0.05896108 -12.25509377 3.51574044
21.72115555 -0.30593134 -12.29160290 4.23948727
21.82369232 -0.68741644 -12.27035255 4.35960645
22.02405357 -1.03044379 -12.24388447 4.38133450
21.79978981 0.23478083 -12.08169785 3.22641034
21.90388260 -0.00001182 -12.06578960 3.07434869
21.78726654 -0.14777574 -11.99165878 3.77887554
21.76873703 -0.30258928 -12.09371986 4.02159328
21.67856941 -0.68063701 -12.09359055 3.92563314
21.84396133 -1.00974734 -12.13556137 4.31624765
