18.00895691 0.26794156 -5.55542994 4.43397427
18.05470276 0.43043801 -5.68548393 4.01595545
17.96999359 -0.22969158 -5.53012991 5.11888218
18.09933662 0.27338785 -5.45974827 4.29396343
18.18291473 0.05452902 -5.45512199 4.11078691
18.20388985 0.04536460 -5.61732292 5.19817543
17.96681023 -0.23403890 -5.42862463 4.21428156
17.79819298 -0.61601716 -5.44059944 5.00203180
17.56445122 -0.92747205 -5.35961485 4.60345316
17.95773506 0.26707628 -5.67225218 3.21757412
17.90879440 0.04311891 -5.68204260 3.76682281
17.92136765 -0.16290125 -5.68982029 5.00482941
17.95880127 -0.23595199 -5.63002634 4.05340004
18.06203651 -0.61941576 -5.59249830 3.99910498
18.03010368 -1.00841069 -5.58025885 4.68684578
