20.29090271 0.23109330 -6.29516049 4.19974937
20.29998855 0.38354857 -6.48851070 3.82709398
20.27395363 -0.29004723 -6.28024483 4.66304818
20.40497360 0.22830758 -6.39560156 3.65822544
20.51209450 -0.00570882 -6.41392660 3.35355105
20.31677551 -0.07689551 -6.47571764 3.08041696
20.34794121 -0.29745952 -6.36395693 3.75707741
20.31585388 -0.68393045 -6.39547987 4.23530884
20.36377030 -1.05674567 -6.38589830 3.92785359
20.17822533 0.23368955 -6.20033388 2.92524857
20.15756340 -0.00555380 -6.09271059 3.07634244
20.09633408 -0.19810520 -6.16780825 4.17153235
20.19799042 -0.28772785 -6.20143585 3.88728781
20.16373481 -0.66987809 -6.22998400 3.91738033
20.34147987 -0.95715756 -6.03893328 3.94281430
