13.69947949 0.17293602 -11.62714405 4.63948650
13.75680694 0.29891885 -11.45736942 3.66328607
13.63117733 -0.31974394 -11.66755295 4.66818886
13.59880295 0.20846386 -11.69605846 4.04224634
13.43609161 0.05983121 -11.78407230 3.58772736
13.41742363 -0.12368427 -11.68721829 2.87037068
13.55422802 -0.32147757 -11.74176349 3.82743711
13.43298931 -0.69157207 -11.74387741 3.96281338
13.44742241 -1.05109243 -11.89230728 3.80536995
13.81488762 0.15427377 -11.56075821 2.86010304
13.82137909 -0.08344545 -11.62548256 3.19683123
13.71771526 -0.16069100 -11.51957759 3.23172961
13.71197472 -0.32935004 -11.59761658 3.99957809
13.71847649 -0.70549594 -11.48509026 3.61192088
13.93650837 -1.02209453 -11.59843922 3.90911388
