13.22834416 0.12809135 -9.64490357 3.99882374
13.10986061 0.30506851 -9.50976391 3.79025016
13.25169621 -0.36044701 -9.72703705 4.66938553
13.13703461 0.15356872 -9.75954113 3.75021620
13.09862385 -0.04417073 -9.92972336 3.30878620
12.99555378 -0.17073925 -9.76828518 2.58765593
13.20823479 -0.35728698 -9.82712402 3.52282929
13.10062447 -0.70445155 -9.93962765 4.14952545
13.13241749 -0.99985932 -10.19819107 4.09466257
13.32818260 0.11738233 -9.53770371 2.81949334
13.47507248 -0.10408313 -9.51485328 3.02876973
13.48507290 -0.31246542 -9.41047191 3.12005310
13.29973755 -0.36956991 -9.63190822 3.86682639
13.30445309 -0.74351136 -9.59158840 3.53946076
13.50495014 -1.07055545 -9.65726185 3.98562898
