24.32499580 0.15845608 -9.24098625 4.00131450
24.48336029 0.33165274 -9.19266987 3.77224007
24.33231315 -0.34486482 -9.28044815 4.71680031
24.30658188 0.15776232 -9.08642044 3.59365788
24.23032303 -0.09883254 -9.04835129 3.30420623
24.28264389 -0.32446324 -9.05400696 2.53578711
24.31276283 -0.35100309 -9.17432613 3.97779961
24.48697395 -0.67485665 -9.18264217 3.90934877
24.44369125 -1.06855686 -9.21514797 3.47268710
24.35265732 0.16234278 -9.39575272 2.71608457
24.34549561 -0.09309932 -9.49801140 2.81429586
24.44528580 -0.30641276 -9.51707535 2.65091667
24.33907165 -0.33893734 -9.38774300 3.94314756
24.47536926 -0.67920736 -9.43097038 3.41682896
24.28241997 -1.00448139 -9.43374348 3.47367191
