9.94379520 0.18532263 -7.08857040 3.69040337
10.19495316 0.35740023 -7.09724922 3.72830171
9.91079578 -0.33781623 -7.03712558 4.54996414
9.94440746 0.19127649 -6.93630695 3.48269258
9.82961197 -0.04170734 -6.86952333 3.35243864
9.74728394 -0.24586296 -6.81900797 2.56339269
9.92410412 -0.33479338 -6.92656631 3.69609961
10.04557953 -0.70324263 -6.91906767 3.94270658
10.06261711 -1.09172604 -6.87703543 3.65354347
9.93805371 0.17253828 -7.23759756 2.69607807
9.88788548 -0.08543600 -7.29166994 2.80819760
9.99902477 -0.28686380 -7.29840899 2.66445694
9.88467006 -0.33840708 -7.14307118 3.87839404
9.80238209 -0.72016900 -7.13283529 3.14263954
9.61407547 -1.07151883 -7.11969853 3.77888670
