22.84505158 0.15264520 -10.17851486 4.36324043
22.72799874 0.32103368 -10.03994484 4.23093948
22.98198586 -0.34754471 -10.26514683 4.88757400
22.82786369 0.17763497 -10.31938839 4.13693447
22.89828148 -0.00943024 -10.46961155 3.51710072
22.78160476 -0.09458278 -10.30636902 2.94875059
22.97987175 -0.34782975 -10.37175083 4.08881845
22.96154327 -0.72524486 -10.38851566 4.56585350
23.25118026 -0.94911454 -10.41800118 3.19463973
22.87520256 0.14237103 -10.03334580 2.98100467
22.98449669 -0.07684738 -10.03172245 3.03487706
22.76971703 -0.18947835 -10.05492020 3.01049013
22.98801155 -0.35015637 -10.16000766 3.98972683
22.90780068 -0.72621332 -10.21822205 3.75204687
23.02458115 -1.06129823 -10.26260643 3.76063938
