21.93896637 0.25384984 -10.48093014 4.47438602
21.96533318 0.41308814 -10.29339848 4.02077370
21.92917252 -0.27644110 -10.54180107 5.05741425
21.79430962 0.27485291 -10.47822532 4.05359383
21.70864029 0.02578779 -10.46473790 3.79239631
21.71467057 -0.11950240 -10.29153709 3.36165466
21.82163620 -0.27075608 -10.57054291 3.97924137
21.79821777 -0.66690820 -10.59432888 4.33087730
21.90602456 -0.98725674 -10.81398888 4.17674732
22.08599548 0.24653243 -10.48575440 3.04489503
22.13334923 -0.00129049 -10.55435887 3.21340408
22.12799340 -0.22913465 -10.50010528 3.68737764
22.03950272 -0.28252862 -10.52216072 4.06963129
22.03250770 -0.67293559 -10.48879547 4.08727703
22.09748649 -1.05313456 -10.54750709 4.57181911
