22.31136856 0.20416774 -10.43495846 4.31166649
22.13247833 0.35304544 -10.35859528 4.22978459
22.38834610 -0.31455781 -10.46622696 4.69763069
22.28472596 0.22301097 -10.57836628 3.87854576
22.34766006 0.07878727 -10.77177620 3.29215837
22.23582764 -0.03839523 -10.62992935 3.09228487
22.39048577 -0.31602725 -10.57045669 3.87996211
22.33032341 -0.70211680 -10.57700138 4.16757221
22.40294609 -1.06604218 -10.61181049 3.42738056
22.32862396 0.19596476 -10.28827782 2.81947222
22.40267029 -0.02523296 -10.20265408 3.10292444
22.16722031 0.02290788 -10.18977490 3.79539547
22.39047890 -0.31361929 -10.36125317 3.96108394
22.35405044 -0.69694334 -10.38966408 3.58774767
22.67030411 -0.93043135 -10.35687905 3.71278863
