10.87836895 0.18291263 -8.23630295 4.10158958
10.73228951 0.37779023 -8.30876941 4.30359583
10.89470367 -0.34116190 -8.24504871 4.76970082
10.94130344 0.18329570 -8.37356815 3.68867101
11.03796616 -0.05402086 -8.39789906 3.66472898
10.95764008 -0.27749962 -8.41495743 3.10654106
10.92114220 -0.33826836 -8.34900188 3.79469647
10.82897453 -0.69556122 -8.42717476 4.07494106
10.78408146 -1.07018366 -8.47310962 3.99759502
10.82962932 0.18697572 -8.09595890 2.98744631
10.81376534 -0.05168896 -8.00654488 3.00291872
10.65104237 -0.21557642 -8.03357105 2.90267506
10.87544861 -0.34383545 -8.13874493 3.79709196
10.92314911 -0.71042465 -8.12275028 3.66421142
11.02781315 -1.06972122 -8.08531875 4.19717579
