23.89691620 0.20660552 -8.38877621 4.32959881
24.00757484 0.37882197 -8.49258652 4.10618648
23.89182281 -0.29855348 -8.41205711 5.01802320
24.00502472 0.21674530 -8.29068355 4.31314449
24.15518761 0.02348037 -8.32311268 4.13415423
24.29207306 -0.07433594 -8.51191273 3.31775722
23.94225006 -0.30132108 -8.32030811 4.24281883
23.97489052 -0.68907078 -8.33221283 4.21698074
23.90234146 -1.06630409 -8.28213329 4.31636019
23.79907646 0.21004103 -8.49721851 3.06774421
23.66119461 0.00916679 -8.49576569 3.28102675
23.78478165 -0.15795210 -8.58024788 3.22453670
23.83710594 -0.29833423 -8.50190830 4.02146320
23.89121552 -0.66193767 -8.64908257 3.82161255
23.84667473 -1.04386883 -8.70573445 4.24923830
