10.41550617 0.19392352 -12.00028820 4.27900400
10.34816761 0.39881189 -11.82850208 4.31819840
10.41877480 -0.35337118 -12.01728172 5.02995395
10.30342007 0.20680429 -12.10944118 3.93757214
10.27931881 -0.07005795 -12.15130844 3.66077680
10.26574592 -0.30074603 -12.11200352 2.99679842
10.37559547 -0.35679502 -12.11542702 4.13350363
10.44444332 -0.72271173 -12.16819878 4.34525795
10.50176792 -1.08832367 -12.27325744 3.96743164
10.52776966 0.18410054 -11.88877468 2.86369157
10.60461559 -0.08496157 -11.90670013 3.21437959
10.49858837 -0.30066747 -11.88329296 2.69578762
10.47174034 -0.36273614 -11.91921806 3.91953783
10.46631584 -0.72065037 -11.87865887 3.78199067
10.53946666 -1.09799845 -11.82668629 4.23495350
