10.71908283 0.15082331 -11.70164108 4.05753708
10.63972092 0.30257216 -11.52334976 3.54610109
10.70442009 -0.36381200 -11.76199532 4.46877193
10.57376003 0.16111328 -11.74835396 3.66000915
10.56034470 -0.05470918 -11.91287518 3.17837191
10.55375004 -0.29315907 -11.93350506 2.07001328
10.59735012 -0.35901251 -11.79480171 3.46979642
10.46964645 -0.70180774 -11.76000690 3.87938523
10.34847450 -1.04498506 -11.89508343 3.59251142
10.86269283 0.15025043 -11.64570045 2.69123149
10.95905113 -0.09128849 -11.70669842 2.93176365
10.93578339 -0.31515220 -11.64608097 2.95083880
10.81334114 -0.36915636 -11.72915363 3.86057734
10.80275059 -0.73734933 -11.70112324 3.44157887
10.86623383 -1.08530605 -11.85007191 3.61206031
