11.69223599 0.16342375 -10.88417806 4.97580298
11.64592032 0.30872949 -10.70343868 4.44992269
11.75173090 -0.33743905 -10.93139320 5.47771941
11.55812901 0.17562822 -10.93875199 4.49306536
11.52185612 -0.05943035 -10.96548613 5.21219564
11.58843847 -0.06785933 -10.73026594 5.05346424
11.69639460 -0.34198798 -11.02450331 4.51613723
11.67757012 -0.70896218 -11.11630190 4.88155067
11.68927168 -1.04788561 -11.26618988 4.70390241
11.81332785 0.16171482 -10.80119362 3.37214645
11.94159448 -0.04188436 -10.87364851 3.33429830
11.90116982 -0.22376176 -10.74881504 3.97469415
11.82389135 -0.33860368 -10.85272563 4.27264573
11.76934963 -0.66008404 -10.66565125 4.45511610
11.76342571 -1.04364617 -10.69262422 4.70281654
