15.40831718 0.19371391 -10.65154076 4.02032671
15.33742352 0.37556569 -10.52719517 3.74603872
15.40128269 -0.32393282 -10.63125572 4.65033273
15.31727295 0.20832351 -10.77016582 3.67832908
15.26874771 -0.00288585 -10.88786068 3.35786319
15.25184364 -0.07571256 -10.66791821 3.30584655
15.35971679 -0.33139377 -10.72969818 3.73994012
15.34809284 -0.69183576 -10.69497566 4.19874058
15.47910309 -1.04490023 -10.71220951 4.06288509
15.49924603 0.18613812 -10.52941170 2.85172110
15.63744011 -0.03835757 -10.55268288 3.33768329
15.49346275 -0.19538067 -10.45015602 3.47845974
15.44664535 -0.32161052 -10.53572922 3.85210562
15.39210949 -0.68099187 -10.51228810 3.71930619
15.62246952 -0.98224956 -10.52496739 3.99891739
