14.13176727 0.26272219 -5.52324581 4.16100216
14.02556229 0.43062103 -5.61700201 4.07408142
14.12693310 -0.24920793 -5.50621271 5.32548237
14.13095188 0.25895682 -5.66421223 3.83686399
14.16338825 0.02023232 -5.71416283 3.69534731
14.04267883 0.08252870 -5.55235434 3.11906338
14.16457844 -0.25830406 -5.60692549 4.44453001
14.18603516 -0.66357249 -5.58728361 4.54209232
14.36999035 -1.01532078 -5.50362730 4.20085669
14.12851143 0.27057502 -5.37858009 3.06236744
14.22954369 0.08493908 -5.24668694 3.10542274
14.07893944 -0.03505134 -5.31740475 3.62282133
14.09386730 -0.25217184 -5.40859842 4.14978027
13.98647881 -0.63970274 -5.44201040 3.92610455
14.06815720 -1.02082026 -5.38129854 4.54219103
