12.83202133 0.20517104 -8.06096153 4.17721805
12.93393421 0.30922390 -8.25880241 3.79334192
12.69661236 -0.29000161 -7.96273060 4.69750481
12.94768390 0.20191422 -7.95368719 3.81671948
12.97434730 -0.06563625 -7.85298929 3.56180110
13.04510155 -0.31680154 -7.82891035 2.82783351
12.76893749 -0.29630647 -7.87699299 3.88271141
12.81172065 -0.67429262 -7.88833466 4.10205669
12.76534252 -1.05986617 -7.89574051 3.90043178
12.70698433 0.20368257 -8.15930691 2.93609919
12.61122436 -0.04935875 -8.18892651 3.04282885
12.61356964 -0.28876261 -8.23247909 3.08044272
12.62143860 -0.28012416 -8.04264355 4.06963530
12.61439857 -0.67134176 -8.09673309 3.41967964
12.59902878 -1.06385999 -8.13900929 3.90003262
