8.67481994 0.22993121 -6.34837847 3.81756492
8.58969727 0.46247726 -6.45130606 3.72679820
8.66726036 -0.30133506 -6.34209337 4.38267193
8.77671661 0.22766172 -6.47078896 3.32739510
8.79824886 -0.05643858 -6.50430879 3.10806589
8.72287388 -0.29338778 -6.53950787 2.48945131
8.74770394 -0.30296470 -6.40642109 3.80403476
8.75324669 -0.69050929 -6.44333134 3.69271455
8.80074540 -1.07006929 -6.39072876 3.21272788
8.56119003 0.22731012 -6.23752213 2.57666969
8.50765762 -0.05698139 -6.22212305 2.66196928
8.44206028 -0.30058167 -6.26502171 2.22378440
8.59002437 -0.30077633 -6.26797104 3.67424178
8.57212582 -0.68702631 -6.27538052 3.02294216
8.64057980 -1.06881473 -6.24843883 3.45463252
