13.26645336 0.23591813 -4.10087891 3.62595215
13.45004063 0.42883947 -4.10739584 4.03255863
13.27229538 -0.28001739 -4.10859585 4.55340213
13.28668156 0.23663329 -3.94447451 3.59141140
13.29960270 -0.02503813 -3.88839087 3.45650568
13.37863064 -0.25356483 -3.90021920 3.11405563
13.26276378 -0.28176425 -4.00444717 3.65816088
13.27381020 -0.67214057 -3.99573784 4.16980782
13.03291778 -0.96445833 -4.00689354 3.85723377
13.23655071 0.22960479 -4.25974427 2.89077482
13.20914306 -0.03455693 -4.33442201 3.04087825
13.24314308 -0.26343964 -4.39999342 3.44743290
13.25892010 -0.28601185 -4.21432676 3.73299169
13.33695507 -0.66863813 -4.17823353 3.52416206
13.33438263 -1.04291761 -4.13174800 3.98040948
