6.78411751 0.20545969 -6.52021895 3.53658094
6.92679252 0.39099035 -6.58007908 3.67559834
6.70749331 -0.31111878 -6.56441412 4.44601155
6.87860060 0.19750367 -6.38840599 3.37459660
6.86067095 -0.07490390 -6.26501522 3.16723761
6.95941391 -0.30784927 -6.20736990 2.41360340
6.77340822 -0.31894327 -6.47511578 3.72762608
6.89732552 -0.69415297 -6.49623432 3.61676769
6.85025491 -1.07395168 -6.41782761 3.10375323
6.69326687 0.21605199 -6.65560636 2.50227437
6.59224329 -0.04073320 -6.73817521 2.65450139
6.67725372 -0.26363486 -6.81578674 2.29653385
6.63041306 -0.30981110 -6.64824772 3.73264065
6.52154112 -0.68135304 -6.76391420 3.09163857
6.38216391 -1.04679842 -6.78763399 3.13254299
