28.67643699 0.14025589 -6.97815209 4.54629002
28.70831718 0.32525305 -7.14045572 4.21844835
28.65429229 -0.37305096 -6.95723104 5.40285883
28.84256286 0.14805252 -7.02534981 4.10294008
28.95000725 -0.10742210 -7.06607046 3.46666894
28.90932503 -0.28213188 -7.24477939 2.91200276
28.77059212 -0.37203877 -7.01642036 4.56864577
28.77131347 -0.73759017 -7.11694879 4.79743404
28.89919434 -1.06143520 -6.98057127 4.17330189
28.51031799 0.14553861 -6.92689724 3.04202180
28.45180893 -0.11050450 -6.90231990 3.27062168
28.38615875 -0.29800343 -7.03297596 3.52608900
28.53939667 -0.37301273 -6.91123533 4.17202358
28.32457657 -0.68191902 -6.94346342 4.04467392
28.26073189 -1.04419748 -6.98229236 4.55397844
