10.53852272 0.23537859 -6.06393671 3.93665671
10.46263695 0.41598371 -6.21904135 3.68107033
10.53379154 -0.29601493 -6.01703835 4.62179422
10.70508385 0.23208088 -6.05562019 3.58417082
10.73857403 -0.05042815 -6.08379650 3.46485949
10.72856236 -0.29386353 -6.16425371 2.85141993
10.65137768 -0.29800168 -6.01444435 3.61453819
10.67246437 -0.68957412 -6.00177002 3.82795930
10.72063065 -1.07146990 -5.91570663 3.81120777
10.37213802 0.23593023 -6.05034447 2.71418905
10.25692368 -0.01008118 -6.13883066 3.00252390
10.19487000 -0.18931036 -6.33175516 2.55516815
10.41687393 -0.29576635 -6.01219606 3.96148348
10.36519051 -0.67877454 -6.07246876 3.30903101
10.30970192 -1.06533694 -6.10120487 3.71471834
