27.77222252 0.31091970 -6.73591690 4.42343559
27.86315499 0.48712167 -6.89050112 4.21826401
27.72271118 -0.23694266 -6.72234526 4.90223465
27.92081528 0.30884208 -6.65667200 3.77847233
27.94185982 0.01650454 -6.63014031 3.44285970
28.01610450 -0.23564334 -6.68872661 3.34222007
27.83298530 -0.23869790 -6.66757965 4.01986184
27.93265152 -0.62257497 -6.72453394 4.55324926
27.88665199 -1.01882000 -6.65611353 3.89685297
27.62270317 0.30592945 -6.80888662 2.82408738
27.55325012 0.01942995 -6.82848320 2.99926205
27.59504051 -0.20766205 -6.94566641 3.45112286
27.61429710 -0.23925902 -6.77208175 4.10713291
27.57785606 -0.61533414 -6.90797806 3.94932232
27.46916084 -0.98383266 -6.81011162 4.04142408
