6.51165619 0.19824561 -6.54735060 3.50980653
6.54958735 0.38130717 -6.69877081 3.55957060
6.45962811 -0.33500924 -6.51440649 4.40012541
6.66457606 0.19274006 -6.48220730 3.16442285
6.72167578 -0.09228617 -6.43388958 2.99667120
6.78511247 -0.33789327 -6.46547003 2.08510373
6.56528263 -0.34418327 -6.47400064 3.46593599
6.66945600 -0.72461451 -6.50239544 3.79897600
6.66879015 -1.09689191 -6.42601719 3.10066938
6.35790777 0.20823572 -6.62182274 2.57384310
6.21890478 -0.04902330 -6.63129673 2.56481156
6.21251888 -0.29227119 -6.71058207 2.47512765
6.35272274 -0.32710012 -6.54806165 3.63212914
6.25474739 -0.70934657 -6.59202175 3.10609307
6.12254028 -1.07723286 -6.50093708 3.33627872
