8.61266899 0.24614342 -6.44047356 3.94860291
8.52574253 0.45808011 -6.54864597 3.79070187
8.60134315 -0.28049195 -6.40609598 4.50939083
8.76435184 0.25025663 -6.49993515 3.42959404
8.77723408 -0.03797482 -6.52991819 3.33860421
8.76368618 -0.29114261 -6.55793238 3.14939737
8.70896244 -0.28145313 -6.43001270 3.76057911
8.67951870 -0.68279284 -6.44077492 3.96651125
8.70281982 -1.06616056 -6.38050270 3.23072696
8.46801186 0.24529947 -6.37099075 2.61608934
8.38354778 -0.03259044 -6.35186863 2.71230650
8.31599712 -0.27980676 -6.39191866 2.56004429
8.49327564 -0.28075764 -6.38138866 3.86520338
8.44170856 -0.67917848 -6.39018154 3.18679023
8.42081356 -1.06642699 -6.33674622 3.60889459
