8.53565998 0.23417682 -6.37045584 3.79651423
8.42411289 0.46156846 -6.46492529 3.73872595
8.52457829 -0.28588349 -6.37477198 4.31056042
8.67711429 0.23036135 -6.45349979 3.44325972
8.67577114 -0.04865387 -6.50798912 3.38112316
8.60603847 -0.28408747 -6.57197104 2.97520995
8.62328872 -0.28651684 -6.41331873 3.69518747
8.63257427 -0.68565948 -6.42366152 3.80458508
8.71110515 -1.05890491 -6.37118959 3.32584557
8.39478912 0.23187675 -6.28046484 2.46497154
8.33925057 -0.04677092 -6.31128111 2.62179741
8.28141937 -0.27617309 -6.42911730 2.51531091
8.42803726 -0.28729577 -6.33036490 3.70333114
8.38406029 -0.67883475 -6.34309940 2.92879610
8.42021408 -1.06910453 -6.32967520 3.40094962
