16.08550759 0.25795937 -11.84385338 3.67711501
16.23261490 0.44597474 -11.88677101 4.15389452
16.12322922 -0.26679632 -11.86815281 4.61551590
16.06997070 0.25358592 -11.68509808 3.50949326
16.05093098 -0.01248604 -11.62248516 3.30671988
16.11264420 -0.24330754 -11.58728600 2.50651875
16.11261024 -0.27404245 -11.76562062 3.70954647
16.20597496 -0.64893855 -11.74231415 4.04474735
16.21578904 -1.03337219 -11.76904030 3.98500962
16.09280090 0.25562441 -12.00551300 2.91773915
16.08362618 -0.00325893 -12.10104771 3.17337093
16.16834793 -0.21583250 -12.14002170 3.17841721
16.11757469 -0.26538023 -11.97477017 3.73389182
16.03345089 -0.64119872 -12.04842377 3.74441662
15.82385197 -0.96442592 -12.08181972 4.20032215
