10.71143627 0.24214998 -5.98420095 4.11113787
10.60270023 0.42197302 -6.12007713 3.53503036
10.68677711 -0.26998091 -5.94365501 4.88885498
10.87712955 0.24846822 -6.01179266 3.64731574
10.92286777 -0.03185844 -6.02120256 3.54540920
10.92602062 -0.26776588 -6.09555101 2.92939472
10.80233288 -0.27790117 -5.94303989 3.95271015
10.76045132 -0.67161852 -5.97303534 4.34893894
10.71708298 -1.06773007 -5.92040014 3.65150523
10.54906464 0.23747429 -5.94012594 2.73603964
10.47622013 -0.03684029 -5.92719078 2.89351130
10.40342712 -0.28218326 -5.95638418 2.25990915
10.57452488 -0.27412495 -5.94415522 3.96123600
10.53223419 -0.64996916 -6.01827574 3.45140886
10.52029705 -1.03614771 -5.94507074 3.64709949
