7.94044313 0.25035489 -6.36945839 4.57830906
7.91877050 0.46433029 -6.50351505 4.28189382
7.90301609 -0.28017851 -6.35130329 5.11138182
8.08560085 0.23955936 -6.43807306 4.37224254
8.10190258 -0.05999138 -6.49343176 4.03431397
8.04084701 -0.29644977 -6.58229628 3.21066661
8.01183271 -0.28520719 -6.39191780 4.19640779
8.05089617 -0.68844020 -6.45531569 4.60590840
8.17879076 -1.05888674 -6.38035345 4.14998722
7.79654340 0.25097890 -6.29915638 2.89712963
7.69720773 -0.02143358 -6.30284023 3.09711084
7.56818772 -0.14132754 -6.48636103 3.91780248
7.80006562 -0.28256102 -6.30300140 4.07028589
7.75936546 -0.67040074 -6.40828438 3.98263797
7.87899656 -1.03974915 -6.28718319 4.44019079
