25.62391815 0.20288509 -12.40592156 4.33283720
25.66836968 0.38801273 -12.27323552 4.07178860
25.65293961 -0.32182486 -12.40977783 5.19226313
25.57442665 0.22441372 -12.25277290 4.00661087
25.58094444 -0.04458282 -12.19762840 3.64736457
25.72315254 -0.23609777 -12.15796604 2.91623788
25.59680862 -0.32194396 -12.30509529 4.03426409
25.62340241 -0.70911528 -12.29639321 4.31345653
25.51179962 -1.09526236 -12.31597309 3.98399582
25.68633728 0.19130502 -12.55592022 3.07734680
25.70202980 -0.07322076 -12.65322723 3.06726651
25.72525749 -0.31635082 -12.69451351 3.50410890
25.70600204 -0.32482523 -12.51638069 3.96312246
25.87672081 -0.66497358 -12.51883374 4.08356819
25.87905464 -1.05443590 -12.55303192 3.94291176
