11.88154335 0.24732862 -5.79227591 3.76171584
11.89252338 0.45128053 -5.62968035 3.91415262
11.89025593 -0.29084616 -5.82079982 4.68634005
11.70967750 0.24217944 -5.77801857 3.58280464
11.63494186 -0.03691794 -5.78353596 3.35627308
11.64752559 -0.26359684 -5.68017635 2.78440847
11.77459316 -0.29022142 -5.81102619 3.63079576
11.67888870 -0.66476934 -5.81507320 3.93292289
11.57551212 -1.03358958 -5.87898188 3.73021164
12.05208969 0.24882735 -5.81822338 2.74478522
12.14804821 -0.02561605 -5.84041862 3.07413760
12.23769150 -0.25062835 -5.76557646 2.78893318
12.00769692 -0.29478571 -5.82609053 3.84360533
12.04086800 -0.68224909 -5.84175405 3.58619824
12.02863674 -1.06101608 -5.88958140 3.83678346
