19.31017685 0.04029355 -11.27850399 4.01168079
19.19726181 0.24323856 -11.23645744 3.93114672
19.33723869 -0.42595030 -11.25539169 4.46392193
19.27325821 0.02904927 -11.42755775 3.68777723
19.26886024 -0.23150872 -11.50234928 3.47843151
19.22014466 -0.47525352 -11.53651352 2.94023838
19.29369964 -0.43072407 -11.35243302 3.72579441
19.03063851 -0.70855263 -11.23913555 4.27355642
19.02559662 -1.05710993 -11.34052238 3.79597197
19.34346619 0.05391328 -11.12543144 2.87947183
19.26888008 -0.19211654 -11.04336052 3.05040884
19.03958244 -0.30426015 -11.06155167 3.08704567
19.37351456 -0.42552140 -11.15838814 3.82478475
19.31280480 -0.79028214 -11.05414257 3.92763777
19.66090470 -0.90900867 -11.15740852 3.82129116
