12.95882893 0.26313114 -9.15814495 3.92311788
12.97667599 0.45052770 -8.98371506 3.87437344
12.97725582 -0.26773816 -9.17399120 4.56036472
12.78397369 0.26841435 -9.15605545 3.55901265
12.68093204 0.01095482 -9.16944027 3.22615457
12.78619003 -0.14792497 -9.02352428 3.03898096
12.87776089 -0.26703298 -9.21779633 3.61884975
12.92112350 -0.65290654 -9.24460316 4.07585382
13.00518036 -1.02498567 -9.35585594 3.87980247
13.12750053 0.25864443 -9.14952183 2.80798864
13.22953987 0.00250139 -9.13323689 3.14476871
13.27770901 -0.20605612 -9.01960945 3.06717253
13.08038044 -0.27016592 -9.13389206 3.85667682
13.03118324 -0.63446045 -9.01441383 3.48933411
13.01809406 -1.01813936 -9.07286453 3.84390974
