14.70723381 0.23550171 -12.20641727 3.70004530
14.89169655 0.41603574 -12.28316002 3.84763651
14.67895069 -0.28210810 -12.19083824 4.54990349
14.73187179 0.24439179 -12.04776573 3.50320616
14.68844986 -0.01889884 -11.97366714 3.28153191
14.73703976 -0.25904862 -11.94021034 2.39265518
14.70484448 -0.28449702 -12.08335991 3.68314557
14.87076073 -0.64545535 -12.08520145 3.96753044
14.94728184 -1.02688785 -12.07818756 3.96583452
14.67599144 0.22558111 -12.36591988 2.87003704
14.67372284 -0.03233922 -12.46998348 3.04815407
14.79735336 -0.23329829 -12.52722626 3.22464619
14.64192695 -0.27912861 -12.29366341 3.86049261
14.58296184 -0.66880492 -12.30427952 3.48937893
14.49392376 -1.05407842 -12.28032055 3.85003119
