9.23514977 0.16713049 -5.98975734 3.99061823
9.12129154 0.37120900 -6.00221920 3.68018880
9.16854324 -0.34463070 -6.01966877 4.93319712
9.18747463 0.18618524 -6.13987932 3.52727304
9.12221126 -0.06024570 -6.22587891 3.18096752
8.97291145 -0.25617187 -6.17150211 2.45437694
9.13599892 -0.34329203 -6.12400017 3.88317776
8.96380920 -0.69375783 -6.19249821 4.07814340
8.94476776 -1.06935330 -6.28087940 3.67448149
9.28751392 0.15101886 -5.84092980 2.89665952
9.32686138 -0.11169457 -5.77960682 2.91380453
9.28549862 -0.34235658 -5.68601732 2.91927447
9.20182304 -0.35649172 -5.91599092 3.99323892
9.25433693 -0.71631704 -5.76118097 3.58901362
9.46286183 -1.05355661 -5.68140821 3.87685762
