15.60099984 0.25271708 -4.67739019 4.06744556
15.67657528 0.43938704 -4.81106463 4.02991405
15.57689171 -0.26735446 -4.70467682 4.76563244
15.71893215 0.24412760 -4.56215239 3.88741250
15.80460873 -0.01773869 -4.56923170 3.68916301
15.91897850 -0.19084905 -4.71265907 3.79225230
15.64395008 -0.27262624 -4.61869011 3.66780624
15.65651836 -0.65900789 -4.62587204 4.19197273
15.62373848 -1.03987946 -4.61866122 4.24445934
15.46861381 0.25286432 -4.78266420 2.78841596
15.37085666 -0.00933409 -4.80954742 3.09715643
15.34611969 -0.24892805 -4.86392565 3.46550646
15.50500965 -0.26538862 -4.78589105 3.88916097
15.52341843 -0.64141898 -4.87504854 3.46916466
15.45676594 -1.02253628 -4.93506927 4.08582611
