20.85636520 0.25436101 -7.35759821 4.00544338
21.03777809 0.41498632 -7.30821438 4.22733126
20.86842842 -0.27204229 -7.40228720 4.88195314
20.87553368 0.25586064 -7.19511337 3.77411289
20.83438568 -0.00696147 -7.13840284 3.53605485
21.01344376 -0.14373864 -7.21480779 3.09632692
20.85557365 -0.27717510 -7.29221973 3.85129452
20.89233055 -0.66970477 -7.32067604 4.10334482
20.76592674 -1.04445255 -7.36528025 3.90265160
20.84110375 0.24954034 -7.52293386 3.01837988
20.77137337 0.01209627 -7.64539223 3.06744428
20.72076111 -0.20449161 -7.74555320 3.64429145
20.86555366 -0.27115439 -7.51233139 3.82965994
20.92751045 -0.65787480 -7.53058166 3.45049906
20.89959411 -1.04158812 -7.52249575 4.03531437
