8.70759583 0.22557027 -6.36505032 3.87864051
8.59485073 0.44523780 -6.45019980 3.78136053
8.68889122 -0.30741943 -6.34666881 4.33704024
8.82941170 0.22344918 -6.47281370 3.32132521
8.85734844 -0.05545603 -6.48801479 3.08872681
8.77800579 -0.29386317 -6.53641653 2.45592475
8.76937447 -0.31046995 -6.40895681 3.57405391
8.75353985 -0.69132911 -6.43931026 3.73233261
8.79820404 -1.06570620 -6.38522892 3.28697314
8.58799362 0.22607479 -6.25483942 2.43074503
8.53632183 -0.04882500 -6.23826180 2.57825747
8.45449905 -0.28231184 -6.28304491 1.86788502
8.61179428 -0.30714488 -6.27468939 3.60926442
8.60051479 -0.69044685 -6.28571729 2.94396992
8.63650417 -1.06956014 -6.23659839 3.34909620
