7.66088209 0.19419799 -7.98134108 3.66221662
7.59197712 0.38571986 -8.11461391 3.56912875
7.62810344 -0.32265344 -8.00429878 4.35573797
7.81951427 0.19333266 -7.94326629 3.37579136
7.83196897 -0.06341642 -7.86248245 3.27676125
7.79236555 -0.08872459 -8.07680836 2.77332301
7.72515831 -0.32328159 -7.96070910 3.62492390
7.75443611 -0.70406395 -8.03234768 3.89967136
7.53505001 -0.96101553 -7.83857107 3.28705521
7.50326929 0.20116814 -8.02151108 2.57558108
7.40554066 -0.05919028 -8.03275738 2.66059752
7.32230206 -0.28551092 -8.11662349 1.83833418
7.52906160 -0.32212895 -8.04119491 3.46130257
7.56096887 -0.69654019 -8.14974652 3.30250397
7.56078806 -1.07321506 -8.06691837 3.36131806
