8.62405262 0.23927885 -6.35912018 4.72050076
8.60360127 0.44999911 -6.52389803 4.56643849
8.59178524 -0.29170772 -6.35874443 5.24342594
8.79125709 0.24815537 -6.39593525 4.25364532
8.79373130 -0.03894748 -6.40173006 4.28095360
8.72046241 -0.25270111 -6.52559690 4.80750846
8.71084175 -0.29427113 -6.37802095 4.36111974
8.68163261 -0.68854105 -6.39861259 5.00342703
8.65279732 -1.05834954 -6.32985678 4.64141827
8.46245613 0.22826975 -6.32544546 3.17170020
8.40617161 -0.04958339 -6.34921007 3.39984093
8.35633202 -0.28673015 -6.42794523 3.40696144
8.47279071 -0.29021296 -6.33759671 4.23068314
8.43581887 -0.67326303 -6.38935003 4.05194254
8.36150417 -1.05331800 -6.30216379 4.61405325
