7.34485998 0.24759737 -7.08534775 3.72660408
7.34360962 0.43650308 -7.25265894 3.64912720
7.28460217 -0.28048964 -7.04783650 4.43617440
7.51276073 0.24379448 -7.08192167 3.23054857
7.55643177 -0.02950580 -7.02099781 3.10114207
7.44183302 -0.16777961 -7.20877371 2.73128767
7.39446277 -0.28869828 -7.06233301 3.69204846
7.31199713 -0.67174766 -7.21699724 3.90984425
7.28421860 -1.06186621 -7.17232885 3.20054751
7.16961631 0.24918753 -7.08265400 2.63799462
7.05518255 -0.00212136 -7.05672074 2.60851626
7.03303718 -0.19758752 -7.20406542 2.04150219
7.17707233 -0.27231960 -7.02446947 3.62056108
7.01328478 -0.64072055 -7.05246534 3.19777875
7.01042728 -0.99103247 -6.85965815 3.37366533
