6.89413453 0.22978783 -6.43018579 4.93444896
6.86181927 0.43696881 -6.56044770 4.53985929
6.86387205 -0.26831434 -6.42333508 5.50170541
7.01320362 0.21603190 -6.50835634 4.65876079
7.03766704 -0.02670982 -6.54737663 4.25454080
6.89078378 -0.14796988 -6.67345810 4.76857448
6.93956924 -0.27285987 -6.49032379 4.68213511
6.88102389 -0.66466314 -6.56832027 5.18357134
7.00050498 -1.02555630 -6.49816107 5.20515299
6.76930117 0.23339042 -6.35268474 3.81325793
6.70566606 0.00796259 -6.31003356 3.67355108
6.68159294 -0.11485049 -6.45987678 4.54681671
6.78628016 -0.27005092 -6.35918546 4.20797061
6.69719148 -0.64836019 -6.37391400 4.60033846
6.72900105 -1.02284298 -6.30644822 5.19626403
