26.49590531 0.11870464 -13.30919342 4.51888618
26.68502617 0.25693263 -13.37653713 3.90703706
26.42674675 -0.34820934 -13.31120358 5.29370919
26.56771431 0.11721146 -13.17793331 4.10613918
26.54140854 -0.13421764 -13.10820141 3.79492583
26.68528481 -0.32156235 -13.17497635 3.18286028
26.43994103 -0.36220299 -13.21181888 4.23868847
26.40953216 -0.75970031 -13.26337166 5.01735897
26.11085663 -0.99809542 -13.18152046 4.35307226
26.41450653 0.12715369 -13.44180489 3.22893467
26.29181747 -0.07684903 -13.49243011 3.02943411
26.42696228 -0.25684724 -13.58181000 3.49955425
26.40756569 -0.34370413 -13.40987663 4.03733177
26.54520111 -0.68382950 -13.48470554 3.70152703
26.57103881 -1.05752980 -13.56349125 3.94328222
