25.24861298 0.23493759 -6.82802429 4.01778756
25.39133988 0.41958806 -6.79210033 3.75366116
25.18828545 -0.27258585 -6.82218199 4.66232758
25.21274261 0.24662609 -6.66783324 3.72972059
25.11988868 -0.00859259 -6.60654345 3.49048233
25.23546562 -0.21265191 -6.60172129 2.15242567
25.15016899 -0.27487319 -6.71797781 3.55876666
25.22802238 -0.63986177 -6.66417990 3.78318491
25.00728836 -0.97983796 -6.64390545 3.23624449
25.28241234 0.22055331 -6.98824186 2.77850842
25.22396125 -0.02479823 -7.11345825 2.83264304
25.23513565 -0.26228658 -7.16821317 2.10708418
25.20201760 -0.27745158 -6.93183536 3.81587233
25.30195656 -0.65288765 -6.88583899 3.26738768
25.15565071 -1.03452451 -6.86697845 3.28361173
