21.03448525 0.24426659 -7.50214863 4.27661448
21.13543777 0.42635677 -7.50141487 4.45108318
21.08729248 -0.27384254 -7.49601832 4.92536640
21.11827431 0.25961485 -7.36567850 4.10768089
21.18402900 -0.00093251 -7.31323891 3.78622952
21.24655571 -0.24590452 -7.31037646 3.55119820
21.12830620 -0.27103611 -7.39936199 3.99612584
21.25933914 -0.64009546 -7.42485399 4.53291006
21.21362877 -1.01553125 -7.36822881 4.64605484
20.98256150 0.23470880 -7.65516653 3.22317576
20.98933525 -0.01121981 -7.77576332 3.13373518
21.02767754 -0.23475656 -7.85836487 3.51204109
21.03021240 -0.27672763 -7.58916492 3.99859476
21.07893868 -0.66318782 -7.57825060 3.74461527
21.08034745 -1.05275593 -7.53569889 4.26674471
