9.65928230 0.24027719 -6.40515366 3.41700864
9.83366508 0.44323877 -6.38490286 3.84214401
9.65945320 -0.28986933 -6.40847836 4.26984768
9.64410515 0.23917365 -6.24176779 3.18457437
9.67590180 -0.03529058 -6.18720255 3.29068365
9.75848122 -0.26810382 -6.14600086 2.72663207
9.64070434 -0.29087066 -6.29606600 3.45728865
9.69245643 -0.67962851 -6.31830473 3.87117491
9.64675674 -1.06186712 -6.36628332 3.42509022
9.66634483 0.23471283 -6.56919517 2.62710257
9.66926536 -0.03076951 -6.66578016 2.70786657
9.80701752 -0.23322841 -6.68569622 2.54148388
9.67384968 -0.28995394 -6.51842289 3.67472768
9.82626438 -0.64894364 -6.48540430 3.51077332
9.61605148 -0.96137712 -6.48660564 3.61305981
