15.94563446 0.22449904 -7.86216917 4.40117445
15.91496506 0.38913510 -7.71643095 4.03680477
15.89170570 -0.27159476 -7.91857481 5.04633255
15.78325710 0.22356394 -7.83602305 4.07955961
15.67513943 0.00215374 -7.87762728 3.75433283
15.75925732 -0.10810099 -7.68718739 3.32876224
15.81251278 -0.27375142 -7.85426092 4.08380279
15.93655777 -0.66102456 -7.78021078 4.43139763
15.94620685 -1.03174159 -7.79626027 4.58331642
16.10145950 0.21855780 -7.90207806 3.27729363
16.15150795 -0.02828178 -7.84337101 3.56424913
16.05980721 -0.12364909 -7.65236549 3.95225382
15.97657738 -0.27546513 -7.97523880 4.10206470
15.91730385 -0.67369099 -7.95220490 4.68246155
15.59651890 -0.88404846 -8.04059334 4.55046920
