18.06568374 0.23846999 -6.86389704 4.23371591
17.99665108 0.42435858 -6.88301926 4.46308765
18.09238167 -0.26332133 -6.84276428 4.88780289
18.02858887 0.23127858 -7.01301603 4.04837093
18.01403961 -0.03159331 -7.06794262 3.96971159
17.94668007 -0.26773853 -7.04059715 3.58260656
18.06448631 -0.27072811 -6.94730291 3.82424026
17.98362160 -0.64821538 -6.92070055 4.64249401
18.05543595 -1.01834416 -6.93038015 4.33139686
18.11682701 0.24512588 -6.71438894 2.99975881
18.18267631 -0.00638494 -6.63561964 3.17787056
18.05180816 -0.19901485 -6.55947647 3.54155813
18.11858978 -0.26575029 -6.74199238 4.02830553
18.06533661 -0.64245556 -6.69635401 4.04149923
18.22245903 -0.98578308 -6.74690409 4.69716110
