18.16915588 0.27941627 -11.65187969 4.23035059
18.33623810 0.45417637 -11.58434792 3.82106900
18.13950043 -0.24387483 -11.70115757 5.05693407
18.13344154 0.26295112 -11.49907131 3.96200380
18.06848869 -0.00529150 -11.47554283 3.58017068
18.06203842 -0.24178396 -11.44515343 3.02091775
18.12657165 -0.25771480 -11.59204140 3.96750345
18.23603897 -0.63249712 -11.59713421 4.39691067
18.23916130 -0.99987087 -11.64027462 4.40746431
18.20233650 0.29368805 -11.80179291 3.12247954
18.26145248 0.07785204 -11.95377178 3.24398737
18.36122017 -0.13880129 -11.88521805 4.83587284
18.13236313 -0.23940359 -11.80695686 4.09872169
18.06012840 -0.63024166 -11.81195240 3.90777993
17.85101013 -0.94664869 -11.78236179 4.08474760
