12.25216828 0.23195438 -5.84204588 3.71274237
12.36264897 0.44268955 -5.74038658 3.92409869
12.24124546 -0.27007277 -5.83707552 4.47121639
12.13847637 0.23491735 -5.73136816 3.50141439
12.14124565 -0.03779887 -5.67027798 3.36350899
12.24352589 -0.24012003 -5.57839547 2.68274474
12.15426121 -0.27267772 -5.77250767 3.59587164
12.10823021 -0.65871319 -5.74979363 3.99254627
11.99441872 -1.00323267 -5.89445076 3.67297444
12.37117577 0.22565413 -5.94659347 2.83280106
12.42966633 -0.04908990 -5.96735192 3.04236908
12.51747131 -0.27529126 -5.92721634 3.02200246
12.33148174 -0.27856343 -5.89914770 3.86302485
12.33742599 -0.66374508 -5.85732508 3.17345920
12.28348865 -1.05452764 -5.85694132 3.75143118
