16.82896995 0.23457003 -11.70161553 3.84663773
16.98218079 0.40848343 -11.71707840 3.99677038
16.85055161 -0.27790199 -11.70600109 4.62617168
16.79806557 0.24548287 -11.54842529 3.63029833
16.78517800 -0.01168931 -11.47939548 3.41080808
16.90002861 -0.21508581 -11.40817413 2.57990026
16.83977280 -0.28211621 -11.60333901 3.61544685
16.99578133 -0.66034129 -11.58069172 4.04793396
17.07435837 -1.03828960 -11.57070141 3.88048449
16.86280594 0.22653377 -11.85824547 2.90727138
16.89689865 -0.02756193 -11.92993507 3.07092333
17.00945053 -0.23010767 -11.89039307 3.60030294
16.84104309 -0.27938516 -11.81251259 3.82637763
16.81397133 -0.68031892 -11.82677155 3.59765119
16.71781845 -1.05513425 -11.80186920 4.01182156
