23.26008720 0.25831616 -11.79439258 4.06352796
23.37854920 0.44549000 -11.74115829 3.98702126
23.26915245 -0.26174612 -11.79668961 4.65656776
23.26574631 0.26136158 -11.64008751 3.52654290
23.33423195 0.01088908 -11.59330292 3.52738495
23.54280052 -0.13746012 -11.63232860 2.59347434
23.24175759 -0.26320296 -11.69297352 3.66780195
23.22433815 -0.66159005 -11.69328175 3.82014618
23.08892670 -1.05212050 -11.70915871 3.28159966
23.24828339 0.25591442 -11.95432243 3.04596825
23.17888871 0.00574659 -12.03089332 2.96977959
23.35967102 -0.12505790 -11.97320156 2.84775887
23.27928314 -0.27149755 -11.90455322 3.79898038
23.45992546 -0.62651373 -11.93595314 3.50012703
23.49279366 -1.01804741 -11.97018280 3.54203119
