23.55027542 0.23904974 -8.50431748 4.18521080
23.37838668 0.44215262 -8.51686516 3.84563899
23.56196022 -0.27990659 -8.47452450 4.67143803
23.54424744 0.22731733 -8.66256008 3.63087158
23.48294754 -0.05026405 -8.68309365 3.43519936
23.36517143 -0.27921020 -8.65658531 3.14548268
23.56843185 -0.28084019 -8.58247433 3.75646110
23.56633224 -0.66912959 -8.57380200 3.77813020
23.63514443 -1.04891503 -8.59152489 3.25825176
23.54821358 0.24583190 -8.34659748 2.78652573
23.54448128 -0.00823489 -8.22631302 2.90758314
23.45425186 -0.24235846 -8.15608864 2.65031209
23.54921952 -0.28231746 -8.36830368 3.82732892
23.41268349 -0.65263679 -8.31586437 3.55413609
23.36552887 -1.04832928 -8.27985801 3.51080980
