8.64805752 0.25248606 -6.34327492 4.92544489
8.63049770 0.45316021 -6.49164967 4.42901878
8.63552413 -0.28881977 -6.33482872 5.24948437
8.77050885 0.24818377 -6.44572342 4.39205870
8.80828850 -0.03673907 -6.44550399 4.14028109
8.77342472 -0.28228261 -6.49842910 3.57516571
8.72724121 -0.29674182 -6.41321366 4.36298350
8.67848164 -0.67728553 -6.38561909 4.84529183
8.70996589 -1.04507893 -6.34301393 5.01485798
8.52694836 0.24628988 -6.24586594 3.18613196
8.47838456 -0.03279175 -6.20752359 3.26161304
8.43403549 -0.25665203 -6.26191027 3.79265971
8.55592457 -0.28697990 -6.25101101 4.14744873
8.55961167 -0.66880544 -6.27156473 4.12781576
8.56931023 -1.04943342 -6.20689993 4.78002522
