11.88178139 0.24557919 -5.79307365 3.75164442
11.89323750 0.45086489 -5.62968759 3.92522717
11.89028930 -0.29506160 -5.82106495 4.68360262
11.71057625 0.24003688 -5.77853717 3.57044630
11.63539620 -0.03867193 -5.78158283 3.33006057
11.64738579 -0.26428648 -5.67996254 2.75650082
11.77538414 -0.29396081 -5.81147280 3.65828891
11.68549595 -0.66834701 -5.81959372 3.92499561
11.58041649 -1.03418639 -5.87483425 3.75004348
12.05210113 0.24746301 -5.81871424 2.73180375
12.14813633 -0.02696943 -5.84312840 3.08108387
12.24480858 -0.25051394 -5.76974001 2.81698737
12.00722427 -0.29829326 -5.82677584 3.83939094
12.04111462 -0.68407277 -5.84157648 3.55588803
12.02953739 -1.06127024 -5.88912039 3.84463949
