9.61757202 0.27069792 -5.68981142 4.14086628
9.50654678 0.48356621 -5.62879629 3.88211479
9.55075569 -0.22604846 -5.69783039 5.18492336
9.49180889 0.29282460 -5.77921124 3.90861030
9.39576569 0.06290954 -5.88904142 3.46345725
9.25424366 -0.11452094 -5.83171615 2.41600752
9.47539825 -0.22029292 -5.78118868 4.15526543
9.37245750 -0.60794831 -5.80079956 4.27975645
9.33271523 -1.01101544 -5.87504320 3.30908956
9.74057617 0.26432464 -5.58802137 2.95213947
9.83532276 0.00924539 -5.59855881 3.46015878
9.80084667 -0.19393412 -5.54697971 3.05683327
9.62283897 -0.23934110 -5.61700935 3.88391333
9.55187207 -0.63174294 -5.57755098 3.71030807
9.55824299 -1.04404669 -5.60760145 3.82356376
