20.25479050 0.26733576 -11.20108852 4.04743805
20.14580269 0.47541287 -11.12027340 4.07158256
20.30059395 -0.22459900 -11.22525101 4.64160261
20.20983581 0.26937937 -11.35202369 3.84753566
20.04194107 0.04598439 -11.41948776 3.98896856
19.82743225 -0.08392359 -11.30381241 3.20070548
20.27522926 -0.22589245 -11.32663612 3.81897845
20.13162766 -0.60126515 -11.25269356 4.08883667
20.29333840 -0.95285207 -11.24232750 3.69965973
20.28515511 0.25347155 -11.04840889 2.86492305
20.21722946 0.01818539 -10.95304413 3.14306650
19.99299889 -0.09720255 -10.90395012 3.45025158
20.32010383 -0.22854692 -11.12382088 3.91425795
20.21418114 -0.61081124 -11.06304703 3.52084279
20.43159752 -0.92855466 -11.09752903 3.87168240
