6.83809623 0.19285813 -6.96591396 3.53807144
6.85987224 0.40185451 -7.13322744 3.56703358
6.79438267 -0.33088012 -6.91913481 4.37810107
6.99793968 0.18891435 -6.96131649 3.18095494
7.01412802 -0.09912112 -6.94934244 3.15247889
6.99017849 -0.33289296 -7.07113800 3.01118088
6.90799923 -0.33423706 -6.92705708 3.39779396
6.99185428 -0.69955503 -7.02536430 3.40509601
7.06009130 -1.06919150 -6.98339930 2.87304459
6.67448807 0.19951977 -6.96911030 2.59040208
6.55261278 -0.05775651 -6.93563547 2.64143414
6.42628546 -0.28114389 -6.94209900 1.96652121
6.68290844 -0.32492342 -6.90029888 3.57632208
6.56904201 -0.69495205 -6.88185520 2.95437875
6.54226665 -1.07270401 -6.77190275 3.17993498
