8.50614147 0.23884984 -6.38645554 3.80561071
8.40872250 0.45925143 -6.48795615 3.63533640
8.50947266 -0.27793158 -6.37796536 4.29338541
8.63408947 0.24100778 -6.47339668 3.42811303
8.59676609 -0.03568064 -6.55666485 3.11164784
8.45564461 -0.21952167 -6.65556240 2.45552974
8.60885162 -0.27810966 -6.42317686 3.62760305
8.63029099 -0.68054240 -6.42268162 3.83701768
8.70445023 -1.05610256 -6.37293472 3.12752047
8.36941185 0.23029190 -6.30311699 2.51289802
8.29174652 -0.04404823 -6.32808437 2.69825912
8.19954911 -0.26993156 -6.42123775 2.41731415
8.41380310 -0.27690545 -6.33117122 3.63572235
8.37710610 -0.67888351 -6.34419003 3.16428962
8.42565537 -1.06758127 -6.31018200 3.37317238
