8.62909470 0.23261954 -6.40567036 4.37452040
8.57011070 0.45755326 -6.47306290 4.13944712
8.60800533 -0.28847788 -6.39084244 4.93475800
8.77737293 0.23371312 -6.46317129 3.93097172
8.79037418 -0.04337867 -6.52003221 3.52085209
8.75456982 -0.29054259 -6.57269468 3.46105175
8.70949173 -0.28991686 -6.41929760 4.04165545
8.67382870 -0.68796357 -6.43588686 4.34597330
8.71443043 -1.05658307 -6.36552896 3.74774227
8.48917541 0.23227401 -6.34055061 2.97013278
8.38851738 -0.03514300 -6.34006376 3.06352267
8.30609398 -0.27029036 -6.39801293 2.97432084
8.50501785 -0.28586907 -6.36292620 3.98433838
8.43675556 -0.67887375 -6.39060240 3.84295540
8.43279324 -1.06104355 -6.32287283 4.36616144
