21.24188156 0.23654736 -11.66152325 4.09497571
21.11781998 0.45594650 -11.64059658 4.03102131
21.21699524 -0.27882949 -11.64066220 4.68388996
21.20913086 0.22940197 -11.81726189 3.65399589
21.19638291 -0.04676877 -11.85911083 3.43731527
21.20023117 -0.30126592 -11.90660648 2.54536901
21.17449646 -0.28830572 -11.73905716 3.65778980
21.10049514 -0.67174289 -11.69378720 3.86654453
21.09198532 -1.06060245 -11.63847771 3.83332291
21.27761574 0.24465329 -11.50555629 2.83023314
21.27852478 -0.01441561 -11.41050167 2.97686505
21.10115585 -0.19364098 -11.38803787 3.09431448
21.25439644 -0.27979919 -11.54297771 4.05993662
21.19225731 -0.67696969 -11.54942665 3.37386322
21.46712456 -0.89798019 -11.68834782 3.57866392
