17.85572052 0.19084014 -3.91843400 4.14106932
17.81045494 0.39460364 -4.00870123 4.19244537
17.82343140 -0.31834152 -3.91132603 5.11136160
17.90958328 0.18555071 -4.06795196 3.95476189
17.98143081 -0.06483016 -4.10083380 3.75703812
17.93233375 -0.28576401 -4.10361490 3.76247883
17.82979050 -0.32276182 -4.01486835 4.03909607
17.72904777 -0.68902182 -4.02872868 4.51107101
17.71196289 -1.07103877 -4.04121151 4.42242298
17.81158410 0.19320962 -3.76734343 3.11848741
17.80526161 -0.06273450 -3.69803448 3.18960729
17.69383469 -0.27626611 -3.75814166 3.42660742
17.81567764 -0.32717137 -3.80725088 4.03761349
17.91278610 -0.69118891 -3.79171329 4.19628992
18.14224472 -1.00110867 -3.77935968 4.50938663
