10.73465175 0.19938760 -6.09347362 4.49532690
10.71846409 0.40289941 -6.27427426 4.23835659
10.69018192 -0.33413451 -6.05433445 4.90510979
10.88821258 0.19945100 -6.17417469 3.95133772
10.94921913 -0.07470667 -6.20617457 3.69595070
10.93516617 -0.30625494 -6.28779602 3.34997769
10.81387748 -0.33343445 -6.07244186 4.18949613
10.83926468 -0.71253728 -6.04955082 4.51937370
10.89741974 -1.08088470 -5.97507705 4.55314484
10.58518925 0.20109067 -6.01076403 2.83771630
10.51550102 -0.05950554 -5.92922897 3.05652285
10.45231838 -0.29227503 -5.93029871 2.95716558
10.57555389 -0.33290132 -6.02406406 4.06912079
10.47134018 -0.69308749 -6.09392395 3.68795934
10.40079994 -1.06824970 -6.07733002 4.18085012
