16.36937904 0.19997228 -4.11106491 3.95775147
16.43978309 0.39202772 -4.23938742 3.99081945
16.40985145 -0.32031578 -4.15396109 4.92301988
16.44720230 0.19822655 -3.97626076 4.03726692
16.48338050 -0.06992727 -3.93815832 3.88620453
16.57286225 -0.29614808 -3.96392226 3.66564741
16.41492882 -0.32771936 -4.04994383 4.01013985
16.36290016 -0.69844682 -4.03008948 4.40136519
16.18289910 -1.03823669 -3.95170775 4.44251099
16.29998283 0.20114982 -4.25337696 2.94354563
16.22413559 -0.06417914 -4.27440863 3.16030421
16.23168946 -0.29364085 -4.31639233 3.24597836
16.38796692 -0.32085628 -4.25653611 3.99255786
16.50527496 -0.68293142 -4.28549652 3.91331186
16.58377189 -1.07172196 -4.25588274 4.40461788
