17.28651581 0.07782064 -4.41107902 4.07813062
17.41264305 0.24169009 -4.55380450 4.33472805
17.15889740 -0.35531198 -4.41351728 4.80327558
17.31974983 0.07803301 -4.26160097 3.96386509
17.26027603 -0.15495986 -4.14037953 3.67360888
17.37947387 -0.37551036 -4.13153009 3.65737853
17.18479919 -0.36421686 -4.31110096 4.07656078
17.41412964 -0.70026922 -4.30902014 4.81747475
17.31422462 -1.03712885 -4.23472318 5.15659036
17.23765068 0.07545184 -4.56228676 2.98260474
17.16099357 -0.16870609 -4.65454235 3.14947448
17.20477829 -0.39960835 -4.68919554 4.28103256
17.13116684 -0.35029911 -4.51658201 3.90546035
17.24473190 -0.67060675 -4.66135311 4.65530720
17.15539627 -1.02347925 -4.65038691 4.15034695
