23.80643654 0.25924717 -4.63711548 4.00681019
23.90647087 0.48149604 -4.73158941 4.66112766
23.83111610 -0.27186237 -4.70862045 4.90962982
23.87699967 0.24871777 -4.49115248 3.89360352
23.86828728 -0.02823562 -4.43959350 3.51585378
23.89432716 -0.27355913 -4.43600512 3.37403631
23.86142693 -0.28206265 -4.60156803 3.95592828
23.92540817 -0.66090526 -4.65930061 4.24620571
23.88714409 -1.05632894 -4.65831881 4.60803270
23.74324265 0.26707146 -4.78654595 2.92476539
23.70134278 -0.00188124 -4.85925360 3.17783280
23.77959290 -0.20716631 -4.95105257 3.47949791
23.78565598 -0.27126255 -4.81070699 4.03621235
23.73423157 -0.67202464 -4.79371806 3.67944760
23.57562485 -1.00892827 -4.67035446 4.39569836
