22.97454720 0.24148996 -4.70723028 3.68160377
23.09324951 0.45922031 -4.79424381 3.93974876
22.99080009 -0.28775765 -4.74927664 4.58598156
23.03852501 0.24574031 -4.56714277 3.65154495
23.08743973 -0.01347960 -4.51194525 3.46333170
23.20599480 -0.21719415 -4.56970644 2.53404388
22.99993019 -0.29280116 -4.63943100 3.62749777
23.01413307 -0.67442466 -4.63175230 3.97358646
22.91402817 -1.05692506 -4.61412268 3.77089009
22.90997505 0.23770494 -4.84999094 2.72115926
22.80604820 -0.02047245 -4.88652525 3.05404062
22.79269485 -0.26909020 -4.93871765 3.26185808
22.96596794 -0.27872101 -4.85518008 3.73010077
23.05166244 -0.64641214 -4.91476536 3.46655111
22.99377251 -1.03354180 -4.89625874 3.75295825
