13.55462074 0.21465626 -6.94640684 4.03378153
13.40049553 0.41478023 -7.00923300 4.10555124
13.54255486 -0.30385837 -6.98680449 4.82566690
13.58898640 0.22521187 -7.10217810 3.73039508
13.64362812 -0.03152943 -7.16625881 3.73453808
13.62889767 -0.26807091 -7.20107698 3.45551729
13.55042934 -0.29789048 -7.09181690 3.71215725
13.46095085 -0.63535732 -7.17618465 4.54878521
13.62997818 -0.97932345 -7.09041595 3.94829059
13.52162647 0.20402335 -6.79100227 2.89909458
13.48178577 -0.06705859 -6.74335861 3.13839579
13.40276051 -0.29814970 -6.74765968 3.02223396
13.53328514 -0.30969352 -6.88391685 3.86651278
13.55185127 -0.67313391 -6.90863276 3.85685515
13.64845562 -1.03501379 -6.94839525 4.31104994
