18.52071037 0.22630073 -3.58508172 4.66929302
18.39536133 0.43459673 -3.71920695 4.60431881
18.56039467 -0.26633923 -3.57219882 5.53916244
18.62184906 0.23420028 -3.69896083 4.39707642
18.72912903 -0.00747381 -3.69958129 4.01497993
18.72956886 -0.23979609 -3.75067788 3.87313667
18.61106872 -0.27076999 -3.66798401 4.61210880
18.52963181 -0.65954478 -3.73508758 4.81865254
18.59802552 -1.03933694 -3.70413952 4.46832190
18.43327102 0.22494532 -3.46200395 3.28667774
18.43210068 -0.01424071 -3.36458021 3.40857210
18.36639023 -0.21221308 -3.46565328 4.24234791
18.50936203 -0.27458323 -3.48234639 4.36305418
18.53336449 -0.67765983 -3.48662930 4.35054589
18.65638657 -1.05680530 -3.45668574 4.85223722
