15.10202046 0.18231647 -3.23709287 3.90677757
15.04608154 0.39300159 -3.34797621 3.99805555
15.10175209 -0.33255859 -3.25161023 4.87020158
15.19109287 0.18272103 -3.36731100 3.65280309
15.29702625 -0.05945135 -3.39456982 3.66219072
15.31582164 -0.28540880 -3.46070233 3.38303585
15.13881035 -0.33561969 -3.35349860 3.86563888
15.03489341 -0.69227683 -3.38956142 4.12964745
15.02615299 -1.07041483 -3.39525900 4.06570196
15.01521396 0.18035440 -3.10694256 2.93841190
14.94793415 -0.07003572 -3.04655056 3.04541178
14.83921490 -0.27862071 -3.11370287 3.19570241
15.06390457 -0.32746736 -3.15134058 3.96042642
15.16093845 -0.68952631 -3.06865325 3.75690804
15.31566200 -1.03496442 -2.96116023 4.52710924
