12.99402714 0.19143435 -2.42280397 4.68552332
12.91976433 0.38782847 -2.27360082 3.57581701
13.00937977 -0.33206911 -2.47861733 4.79672833
12.85100746 0.19159568 -2.38511028 4.09510288
12.66200523 0.38059824 -2.25646415 4.84937973
12.67879372 0.50517247 -2.13325510 4.08905640
12.89564266 -0.32770183 -2.45948591 3.89813933
12.73091889 -0.68337345 -2.35041442 4.54240437
12.67789555 -1.02029659 -2.54870510 4.07436857
13.13999424 0.19325821 -2.44250464 3.31014752
13.37614422 0.22559954 -2.40705552 3.58283510
13.38790455 0.39157223 -2.25880542 3.91390457
13.12058620 -0.33347008 -2.50574479 4.03190012
13.30555477 -0.70477314 -2.47772198 3.79051194
13.42621098 -1.06480455 -2.62166557 4.23761759
