23.68136292 0.23662208 -5.28728104 4.38873024
23.77207947 0.40873906 -5.34207563 4.21763076
23.68383065 -0.27819696 -5.32015419 5.00464602
23.77079506 0.23007350 -5.16156416 4.15729523
23.96517181 0.05388076 -5.16817989 4.91379376
24.09699020 -0.05567025 -5.32655630 4.07526397
23.76348114 -0.28167327 -5.23947592 4.09276133
23.85343895 -0.66917835 -5.36405535 4.48382568
23.95711670 -1.04063308 -5.38640117 4.15449066
23.60639839 0.25001765 -5.41002264 3.13490081
23.62661629 0.06027309 -5.55188389 3.43076420
23.82412987 0.18553937 -5.50210562 3.90473847
23.59490090 -0.27492457 -5.39269915 4.14727383
23.53638306 -0.67721324 -5.37969275 3.80277757
23.40361938 -1.01774609 -5.23170128 4.19058189
