16.84932137 0.13323600 -5.11706142 4.09823885
16.90251503 0.30194849 -5.30752983 3.94269648
16.81679802 -0.37125501 -5.10253124 4.79754791
16.95486107 0.13842351 -5.00113297 3.93126211
16.96363487 -0.12397445 -4.90866060 3.79840479
17.02078857 -0.36616354 -4.90874691 4.01495356
16.87780953 -0.37355775 -5.00988836 3.97042026
17.00462914 -0.71371533 -4.91079721 4.64241123
17.07004967 -1.02058525 -4.70371799 4.55378456
16.74158020 0.12751852 -5.23638725 2.95416613
16.64188995 -0.13105837 -5.26586494 3.13486214
16.65109253 -0.35109871 -5.35433969 3.75429401
16.74929123 -0.36542558 -5.18831138 4.03430157
16.72648544 -0.68266697 -5.36362190 4.05193839
16.71795235 -1.06042772 -5.28646164 4.13827152
