9.34755745 0.20990899 -5.41808014 4.03195496
9.28830738 0.41654401 -5.51917820 4.17988749
9.34296188 -0.31125879 -5.40657482 4.94695682
9.31320476 0.21517692 -5.57735204 3.90864715
9.29672699 -0.03620739 -5.64721537 3.69851055
9.14746609 -0.21976580 -5.57927790 3.02718878
9.31926251 -0.31878549 -5.51092319 3.91314244
9.22416058 -0.70439439 -5.52676535 4.32152653
9.25228520 -1.08276653 -5.55441952 4.14324932
9.38516216 0.20842840 -5.25280838 3.02805472
9.43904133 -0.04283016 -5.18626232 3.10121107
9.39746112 -0.27255077 -5.11540604 3.22072553
9.36980152 -0.31478624 -5.30104370 3.99514694
9.35626583 -0.69580368 -5.18155756 3.85952721
9.43072872 -1.06573515 -5.09942265 4.44901361
