14.99099312 0.21137217 -5.22818203 4.37615261
14.85931282 0.41457647 -5.12678366 4.30203085
15.01122055 -0.28178736 -5.23676872 4.94118843
14.89350758 0.20614609 -5.34190931 4.04788523
14.83161068 -0.05619598 -5.39927292 3.67270345
14.73827667 -0.17919599 -5.23561535 4.28486800
14.95208264 -0.28317856 -5.32850075 4.07745533
14.89007740 -0.65552797 -5.32056665 4.42382317
14.99201526 -1.00664656 -5.43961573 4.89757194
15.08985253 0.20815353 -5.12102127 2.94550562
15.15403614 -0.05275655 -5.06717930 3.15364704
15.05605125 -0.23486939 -4.98076010 4.01489486
15.07172699 -0.28100443 -5.15064525 4.03289890
15.07546425 -0.65065384 -5.07839308 4.02924003
15.18522053 -1.02193899 -5.11915693 4.51137123
