17.91106606 0.24826034 -4.86036797 4.08518848
17.99975357 0.44016002 -5.00364676 4.01296101
17.90233879 -0.27618227 -4.83754120 4.72486077
17.98903923 0.26452440 -4.72525435 3.89704609
17.96496124 0.00763227 -4.66992426 3.68321657
18.00367164 -0.20575617 -4.72096863 3.92829013
17.95337296 -0.28090739 -4.74269228 3.75614247
18.07876396 -0.65322539 -4.78515616 4.25225229
18.13956680 -1.04910927 -4.78991909 4.36358223
17.83294144 0.23389977 -4.99585914 2.92187691
17.80357323 -0.02583869 -5.02875643 3.14368076
17.90417289 -0.23687704 -5.07644949 3.94761496
17.83490867 -0.27845497 -4.92433815 3.97880258
17.85098801 -0.67287359 -4.89411974 3.36052661
17.81063118 -1.06670671 -4.87030869 4.14496841
