17.24199257 0.17502630 -4.00477743 4.22494716
17.16069527 0.38424507 -4.07839956 4.07588043
17.24415931 -0.30427075 -4.02624388 4.99384461
17.28323669 0.18299775 -4.15523777 4.19953098
17.28370743 -0.04648917 -4.27455082 3.68677211
17.11992645 -0.21619068 -4.31589203 3.39839697
17.28503609 -0.30736405 -4.12484245 4.03738394
17.32292900 -0.69450688 -4.10650215 4.78438530
17.54905243 -1.01218767 -4.05504904 4.76323967
17.19956055 0.16485128 -3.85360384 3.06084275
17.22411461 -0.08281983 -3.76043940 3.17667456
17.21871834 -0.32702224 -3.72188063 3.45049868
17.20538063 -0.30834281 -3.93001704 3.89819174
17.06724091 -0.67273974 -3.95472932 3.97261238
17.06284790 -1.04354882 -3.95684447 4.51062641
