8.94988594 0.21633833 -6.93143816 4.77069311
8.82981853 0.44616533 -6.96574325 4.44850788
8.92865486 -0.32644031 -6.96876125 5.26266289
9.00532799 0.21246945 -7.08359985 4.35407629
9.04911804 -0.06072334 -7.12341843 4.27083483
8.91168366 -0.25147178 -7.14231339 3.89639187
8.94800701 -0.32759636 -7.08326044 4.46103296
8.84596157 -0.70471126 -7.06207438 4.96514588
8.87997818 -1.07837667 -7.08856907 4.86204338
8.91283531 0.22072100 -6.78569660 3.67239685
8.86566581 -0.06000739 -6.75572453 3.58244347
8.72820930 -0.25193302 -6.83476381 3.91289902
8.93191776 -0.33380909 -6.86446314 3.99318333
8.87842007 -0.70550767 -6.91137352 4.37633772
8.96801434 -1.08313651 -6.90879669 4.92130546
