14.20608063 0.02124262 -2.66473060 4.46844378
14.11553955 0.14954639 -2.47466535 3.93000278
14.27108097 -0.40283668 -2.79019990 4.92851124
14.05620689 0.03222724 -2.71409135 4.07207713
13.86163769 -0.14935849 -2.72798452 3.77605810
13.73664971 -0.22985059 -2.53986134 3.82485075
14.16531715 -0.39607297 -2.81730108 4.01092577
13.90387669 -0.68371794 -2.73985925 4.69105387
13.81843185 -1.05030236 -2.79161844 4.31824484
14.35415363 0.00919029 -2.60683312 2.98609400
14.43776055 -0.24397937 -2.62736683 3.37918644
14.34644966 -0.43584561 -2.51850924 3.89678888
14.37770901 -0.39603426 -2.76993074 4.07642689
14.53027325 -0.74835099 -2.69008746 3.67372703
14.73552875 -1.06295628 -2.76972150 4.45768080
