10.57059670 0.22663765 -5.79113560 4.27324848
10.51330776 0.39821764 -6.00476370 4.13425350
10.59084149 -0.29309095 -5.75659523 5.06223240
10.73712769 0.24732296 -5.75933771 3.94374437
10.80119763 -0.02312578 -5.71953888 3.70828619
10.79597206 -0.24616509 -5.83201780 3.15897794
10.70787239 -0.29354995 -5.73776703 4.18707509
10.74445629 -0.67177221 -5.81101179 4.59231024
10.74615097 -1.06283419 -5.76586628 4.26503677
10.40481415 0.20570770 -5.81536837 2.95856138
10.36014748 -0.06887233 -5.80525036 3.21010962
10.36112899 -0.30819426 -5.88102569 3.37212929
10.47561989 -0.30127607 -5.77426310 4.13378496
10.52310142 -0.69244077 -5.79971437 3.67241869
10.49330349 -1.07487345 -5.75194798 4.31526575
