18.33858452 0.20262889 -5.44912853 3.63892012
18.44783516 0.38999909 -5.57419882 3.87559457
18.35077820 -0.31251216 -5.44531841 4.63226814
18.37727241 0.21572433 -5.29873162 3.79421434
18.39221763 -0.03659201 -5.21465816 3.60945120
18.51742287 -0.23981787 -5.23167848 2.88313227
18.33697510 -0.30602967 -5.33953972 3.72322383
18.26420899 -0.67336784 -5.31712675 4.31580191
18.00756950 -0.95386466 -5.29696322 4.26095590
18.30084381 0.18832179 -5.60298462 2.68717785
18.23198585 -0.07692957 -5.64915733 3.13139057
18.20133667 -0.31607013 -5.68934145 3.32975178
18.34588852 -0.31708823 -5.55142861 3.75645819
18.47664223 -0.67136199 -5.57366914 3.66800890
18.52295532 -1.05358345 -5.57586470 4.17837410
