13.13537483 0.19780053 -3.77698975 4.47174578
13.11421356 0.39230021 -3.93417001 4.26361990
13.16578445 -0.31606767 -3.77946258 4.98569298
13.26482430 0.20406735 -3.88010735 4.09935942
13.33350525 -0.05426369 -3.94197779 3.72621431
13.31800175 -0.24508147 -4.08295412 3.29680748
13.25545483 -0.31316282 -3.85259357 4.15308246
13.28896847 -0.68419827 -3.90802488 4.70662775
13.45989971 -1.01999648 -3.84029622 4.71040535
13.01850319 0.19041910 -3.66747799 2.95773401
13.03444519 -0.06458641 -3.57483587 3.15065884
13.03224354 -0.31013556 -3.54902311 3.37344651
13.07223911 -0.32402154 -3.70883069 3.94815950
12.98166199 -0.68569295 -3.76685033 3.61014104
12.98239766 -1.07357020 -3.74062553 4.39589205
