15.33128891 0.18419953 -6.32314472 4.08868828
15.49389724 0.36634296 -6.27954483 4.22190781
15.29276734 -0.31371179 -6.27485905 4.87970848
15.18617191 0.20126812 -6.24851704 3.96336412
15.07262859 -0.01570320 -6.21022997 3.62649193
15.20761585 -0.00939253 -6.01874361 3.25823527
15.19139480 -0.31320821 -6.23207521 4.03046284
15.08912182 -0.67520861 -6.09793100 4.65128928
15.01858807 -1.04380238 -6.06695004 4.14104271
15.47273750 0.17970108 -6.40199871 3.00321598
15.54732304 -0.06605564 -6.40499373 3.06634960
15.53978005 -0.04006831 -6.18443632 3.99262743
15.39289665 -0.31523588 -6.31749249 3.87742600
15.47118416 -0.68520136 -6.30004282 4.13116331
15.48890667 -0.99081350 -6.54374437 4.25108328
