9.21134472 0.16863427 -5.80254316 4.40850115
9.17237568 0.36587986 -5.94137621 4.16537762
9.21049404 -0.35119796 -5.81663513 5.01823425
9.33070660 0.16347834 -5.91235733 3.97804713
9.32660294 -0.10486183 -5.99394751 3.60168314
9.23342323 -0.23276201 -6.15941095 3.19883084
9.32297421 -0.34764037 -5.86519337 4.17805147
9.41107178 -0.72582763 -5.75856972 4.35908747
9.58356762 -1.06032693 -5.62787104 4.61826611
9.11219597 0.16473924 -5.68253899 2.90933847
9.10759449 -0.09691838 -5.59945059 3.10478616
9.05990887 -0.34725803 -5.58961582 3.13937998
9.10362816 -0.35188815 -5.76061678 3.88840032
8.97841358 -0.71751326 -5.86273289 3.70985317
8.86600018 -1.08929479 -5.87213469 4.33279324
