15.40119763 0.22210147 -6.55301094 4.23349123
15.36758232 0.41919391 -6.69798278 3.98621888
15.39477978 -0.28647409 -6.55063429 4.73455591
15.54291896 0.23043533 -6.63624773 3.94900083
15.60359001 -0.01960760 -6.69560823 3.56046200
15.53258744 -0.21660275 -6.81223183 2.86205091
15.49872132 -0.28586609 -6.59990177 3.96190009
15.52817287 -0.66956054 -6.59067660 4.13153067
15.61229915 -1.03859443 -6.52547722 4.17240191
15.26906528 0.22484594 -6.46091786 2.93511686
15.18672256 -0.00744768 -6.36928062 3.11483565
15.12096786 -0.20559333 -6.48854895 3.21861534
15.29035759 -0.28660831 -6.50747013 3.97258220
15.19242000 -0.65896845 -6.57169113 3.52596378
15.19862556 -1.04459941 -6.53669644 4.07638950
