19.15622634 0.20198466 -3.20234833 3.93633633
19.22312393 0.41426362 -3.34533362 4.16660929
19.11072540 -0.30845546 -3.21896357 4.85699768
19.24903641 0.19861388 -3.07261553 4.02182741
19.30903931 -0.04864768 -3.01293931 3.68174553
19.42045441 -0.20354081 -3.15077896 3.74622107
19.11332740 -0.30976892 -3.11506429 3.88757229
19.02831344 -0.69074268 -3.11989240 4.18772211
18.87788734 -1.05375202 -3.14207549 4.17693996
19.07462769 0.20572282 -3.34117941 2.93521824
18.98608780 -0.03902955 -3.41913596 3.27306213
18.94400101 -0.25206009 -3.48900447 3.97802830
19.09347267 -0.30863256 -3.32178721 3.94268198
19.27591820 -0.65903232 -3.35349850 3.77574224
19.38377380 -1.03661580 -3.36601887 4.28109217
