22.18693352 0.22155045 -5.10364628 4.57375717
22.29237366 0.24635248 -5.27829695 3.85012913
22.10236359 -0.28061214 -5.09735918 4.85494995
22.32846260 0.22372070 -4.99585819 4.04609108
22.37314224 -0.00484997 -4.86296272 3.69649315
22.44929314 -0.11220051 -5.03159475 4.07553673
22.20096779 -0.28071132 -5.03853989 4.08527851
22.23643303 -0.67008030 -5.15010977 4.45895815
22.25586700 -1.05673647 -5.12355185 4.19633770
22.04019165 0.22203739 -5.19535923 3.09934044
21.92122841 -0.00960426 -5.23251200 3.30054736
21.94764137 -0.18427093 -5.36300516 3.89369774
22.00271225 -0.27806515 -5.14754486 4.14996624
22.01100922 -0.68702024 -5.15301180 3.91362023
21.94434357 -1.05419052 -5.03450775 4.29875183
