23.17432289 0.30435921 -4.74365110 4.33621159
23.25952225 0.49250210 -4.89874859 4.65838309
23.17513924 -0.23531284 -4.69011946 5.03761015
23.21333542 0.34071541 -4.59218140 4.32035456
23.08226051 0.24571327 -4.40571156 3.70711946
23.09070320 0.01851695 -4.39837427 3.16746988
23.18058205 -0.23225455 -4.58393278 4.10025406
23.24670906 -0.61798343 -4.51340380 4.26249828
23.12841911 -0.99367263 -4.42578001 4.31727476
23.16171608 0.26791167 -4.89510488 3.00735269
23.07065963 0.01602429 -4.94167614 3.05769219
23.07210960 -0.19401525 -4.94452486 4.13727965
23.16252175 -0.24974596 -4.79646692 4.13388806
23.18914719 -0.65905459 -4.77792081 3.69074655
23.19670487 -1.06127341 -4.74825955 4.21627455
