21.02678986 0.24899168 -3.62389121 4.19779463
21.20040359 0.45204238 -3.70108075 4.42890682
21.02010384 -0.27851223 -3.61772618 4.84448776
21.08149414 0.25256006 -3.47846246 4.07783966
21.07002182 -0.01274752 -3.40047412 3.93205137
21.12001877 -0.24038399 -3.39978342 3.67175508
21.04664574 -0.27588880 -3.51082582 3.85043325
21.17042160 -0.63344453 -3.51582212 4.42505970
20.95944939 -0.94983979 -3.47368502 4.35644150
20.97107696 0.23225079 -3.76868887 2.98158727
20.94432640 -0.03602253 -3.83284063 3.10300889
20.99451637 -0.26980119 -3.86476731 3.55278606
20.98786087 -0.28055473 -3.72124181 3.98191600
21.02067223 -0.66679544 -3.70575652 3.61084909
20.98164025 -1.05510464 -3.67653189 4.19574013
