9.48307858 0.17362493 -5.57636271 4.15828915
9.27035732 0.37845320 -5.55509644 4.23960094
9.51542816 -0.35738467 -5.54346590 4.87481823
9.41878357 0.16826300 -5.72713203 3.92875552
9.39054356 -0.10432633 -5.78790007 3.59369979
9.31519947 -0.33757532 -5.76546526 3.26549711
9.46116085 -0.36261850 -5.63430004 3.90006432
9.32490806 -0.71601434 -5.60730162 4.27872915
9.31774960 -1.08889914 -5.59477721 4.22676582
9.54752255 0.17882354 -5.42317266 3.06528554
9.61727600 -0.08070324 -5.35525236 3.18840027
9.60405426 -0.31095553 -5.26983433 3.35016470
9.57075425 -0.35363147 -5.45082360 3.87278704
9.57196293 -0.72013395 -5.37335711 4.10675411
9.78484669 -0.98108292 -5.53157587 4.30568819
