9.29855729 0.17683100 -6.80072928 4.08141270
9.20023823 0.39979960 -6.90717573 3.85348845
9.31330509 -0.35324008 -6.81254101 4.62143860
9.40728378 0.18635575 -6.91821909 3.65011358
9.46421680 -0.04691478 -7.02914181 3.23297748
9.32748165 -0.12716164 -7.21170540 2.38157883
9.41740456 -0.34605536 -6.84615021 3.94120269
9.50189037 -0.72131060 -6.80685091 3.91890506
9.68122387 -1.04947416 -6.70464544 3.56047268
9.18514214 0.16893482 -6.69478378 2.79619298
9.13861808 -0.08118798 -6.62003746 2.84836268
9.00936069 -0.26840712 -6.72317858 2.77279215
9.21479244 -0.35599572 -6.76179867 3.73604631
9.09058189 -0.70862162 -6.87226782 3.46353588
9.01918430 -1.08900015 -6.91635694 3.82235542
