11.27396240 0.19972783 -3.80509372 4.61077290
11.26327324 0.38678145 -3.98025608 4.11856909
11.22990551 -0.32634865 -3.78442917 5.05570822
11.40245228 0.18672467 -3.89689107 4.09635410
11.46390743 -0.07253773 -3.85975146 3.74983616
11.42763596 -0.30328256 -3.92063455 3.62006417
11.30643120 -0.33579179 -3.86850958 4.22565222
11.28024121 -0.68808605 -3.98496867 4.80131092
11.34404659 -1.07638855 -4.02855892 4.46318502
11.14374237 0.20369629 -3.72443704 2.93028011
11.05629711 -0.05515075 -3.69939832 3.16064763
10.99145546 -0.24053499 -3.83106661 3.74128532
11.16017799 -0.32620855 -3.69466629 3.85864349
11.17147789 -0.69956931 -3.62045727 4.04455786
11.23054848 -0.98324485 -3.36664982 4.98228731
