23.09915085 0.25465673 -4.15328808 4.01614957
23.21560974 0.46280625 -4.24653110 4.43210707
23.12554321 -0.27684981 -4.20850763 4.92624368
23.14278946 0.24568270 -4.00590658 3.92036195
23.13940506 -0.02752518 -3.94942341 3.68595648
23.18342209 -0.26625191 -3.95210705 3.77795219
23.12910919 -0.28714061 -4.09983406 3.93461957
23.16095886 -0.66298351 -4.11820412 4.61972065
23.09802055 -1.04566450 -4.12149372 4.98153820
23.06301498 0.26107257 -4.30361547 3.04955778
23.03648148 -0.00582236 -4.39750681 3.16287470
23.06310806 -0.23380743 -4.45714331 3.75669575
23.10664291 -0.26607944 -4.31809854 3.87341642
23.12778130 -0.62941388 -4.38247976 4.08559923
22.86809464 -0.91960406 -4.36799154 4.29228802
