18.01752053 0.19337584 -3.28470378 4.02412462
18.14133835 0.36333294 -3.44342151 4.07826805
17.99691086 -0.30493798 -3.26286288 4.71943865
18.05122528 0.20289346 -3.13952956 4.01852379
18.02061272 -0.03410422 -3.03512931 3.60097160
18.09031372 -0.25295329 -3.02754244 3.44196090
18.00161133 -0.30374801 -3.15874577 3.72877621
18.02501640 -0.67831440 -3.15576267 4.34338655
17.74953003 -0.92378283 -3.20344491 4.30827808
17.98788147 0.18378851 -3.43059082 3.05981121
17.90732384 -0.05787064 -3.50785513 3.12715068
18.12239304 -0.13916543 -3.51368293 3.63461184
17.98872795 -0.31032644 -3.36723471 3.83951607
18.10321808 -0.67898192 -3.36341309 3.72462344
18.10760689 -1.04720437 -3.33007484 4.14886150
