10.22347069 0.20552432 -5.79348593 3.93535356
10.00282307 0.26957035 -5.82118387 3.02753000
10.24510498 -0.30464914 -5.85049782 4.33424387
10.29940758 0.22613745 -5.92381163 3.65185151
10.35731144 -0.01764491 -5.99379959 3.41610994
10.31917954 -0.23304774 -6.04401216 2.45464935
10.29069443 -0.30207378 -5.94411307 3.52969370
10.31100502 -0.68826519 -5.98966818 3.74097671
10.43869781 -1.04777494 -5.96063032 3.41575985
10.16008682 0.18469258 -5.65079384 2.73046241
10.04831867 -0.04746813 -5.62235975 2.91448703
9.96866322 -0.02177489 -5.84602241 2.75492715
10.19063111 -0.31156878 -5.75765638 3.63036699
10.15393887 -0.70292935 -5.76230392 3.29994483
10.21661567 -1.08001430 -5.74664068 3.65511455
