21.29158630 0.21020205 -2.26672954 4.08418322
21.23791961 0.41018854 -2.41475243 3.80126085
21.28712692 -0.29579207 -2.24342213 4.78375635
21.37777367 0.21312477 -2.40473900 3.66698432
21.35286980 -0.04271884 -2.49215154 3.36951270
21.16675530 -0.19819354 -2.47975273 3.11956076
21.35217018 -0.29753379 -2.33101006 3.89661093
21.41389084 -0.69016617 -2.24305601 4.27700157
21.52630272 -1.05812092 -2.17321620 4.05848550
21.21744499 0.20216772 -2.12538638 2.89971218
21.23622094 -0.05179111 -2.01075265 3.07033710
21.18785095 -0.29010065 -1.93638349 3.62894373
21.21818505 -0.29846779 -2.15835815 3.76589632
21.06225090 -0.67031392 -2.19020400 3.85027332
20.97913894 -1.05743573 -2.18930431 3.99020099
