12.37077351 0.20545877 -3.69616461 4.45042210
12.33948365 0.42493515 -3.79806562 4.56493120
12.34354172 -0.32163316 -3.73822470 5.09266672
12.49720707 0.21443725 -3.80092960 4.08159519
12.56571293 -0.05234857 -3.83585629 3.78138905
12.45205498 -0.22782258 -3.93971510 3.50342908
12.40635414 -0.32659049 -3.83070722 4.16946373
12.38795052 -0.69716074 -3.86559210 4.46052322
12.50371017 -1.06068943 -3.83956346 4.33909416
12.25813389 0.19457483 -3.58172746 3.00087443
12.22059956 -0.07447403 -3.53118524 3.09057946
12.15291691 -0.31023001 -3.58055144 3.38957071
12.27466659 -0.32476900 -3.65213938 3.99673753
12.28023376 -0.69792677 -3.67185335 3.91813893
12.32539558 -1.07395356 -3.65621691 4.47829609
