22.76672593 0.25599389 -4.52179890 4.12920026
22.82687492 0.45571107 -4.65357504 4.51975221
22.78077469 -0.27635417 -4.57095814 4.98824806
22.84716149 0.25156068 -4.38348799 4.24710770
22.89557572 -0.00520641 -4.36348715 4.76282177
22.97646789 -0.01693034 -4.54061823 4.46753683
22.80425949 -0.28183830 -4.46562653 3.97941227
22.83736305 -0.66887135 -4.48998032 4.24539051
22.78749847 -1.05062530 -4.44306221 4.38460751
22.69961586 0.25869939 -4.66634979 3.03406082
22.61442489 0.01655705 -4.73978386 3.21633673
22.81758880 -0.08826606 -4.75289926 3.61786346
22.75143737 -0.27406774 -4.67520256 3.92830458
22.80864830 -0.65135749 -4.76164293 3.89863930
22.73445244 -1.03248482 -4.74912405 4.21587696
