22.01829186 0.23691093 -4.66530933 3.85239954
22.12909889 0.42876962 -4.81329613 3.82845554
21.97216911 -0.30113451 -4.72519283 4.57872229
22.11004601 0.23411309 -4.53482971 3.88634095
22.16816216 -0.03247116 -4.48108931 3.56768179
22.33666344 -0.20103761 -4.53901462 2.61133199
22.02751198 -0.30230442 -4.62587414 3.70568161
22.10349235 -0.68223026 -4.62926741 4.07116833
22.07540893 -1.07101257 -4.56750298 4.06294203
21.92368011 0.24411399 -4.79481840 2.77371855
21.84034080 -0.01148739 -4.86377458 2.99179082
21.86129494 -0.21894292 -4.98334732 2.97626638
21.91561394 -0.29611098 -4.82079277 3.85562715
21.84001884 -0.67882040 -4.87795038 3.52372580
21.69982376 -1.03833613 -4.88529129 3.83958568
