20.33458405 0.23517395 -3.74376159 4.09119377
20.59596863 0.42704791 -3.72247944 4.36145707
20.31004829 -0.28417453 -3.80404787 4.94158869
20.39096908 0.21974939 -3.60154781 4.09342441
20.37870217 -0.04536941 -3.54214945 3.93821287
20.43554840 -0.26176575 -3.64764781 3.59426041
20.32479858 -0.29092127 -3.69601669 3.95147872
20.34786720 -0.66848741 -3.70700417 4.28331079
20.26544075 -1.05348923 -3.67481184 4.40588503
20.26624756 0.24156796 -3.88412285 2.96321602
20.17372094 -0.00583236 -3.96482001 3.22164721
20.19170646 -0.22698149 -4.03916626 3.83358183
20.27925263 -0.27605897 -3.91095485 3.96232729
20.34311714 -0.64785922 -3.95527038 3.83154016
20.30862198 -1.02960045 -3.92860251 4.30044241
