14.18234234 0.13110847 -3.83264012 4.35075989
14.04025402 0.30914542 -3.72488337 4.24747038
14.25525322 -0.34604463 -3.79672646 5.16452303
14.12552471 0.12144427 -3.98361339 4.07797914
14.15213490 -0.12228267 -4.08854141 3.78518100
14.08212070 -0.34939582 -4.09629688 3.56437159
14.20977802 -0.35119983 -3.89161572 4.15333748
14.05061379 -0.69800512 -3.89191689 4.65286942
14.05380936 -1.06406243 -3.91487703 4.66206751
14.24921608 0.14776489 -3.68329000 3.28806363
14.35502681 -0.08349337 -3.60230527 3.25856753
14.21990071 -0.28301239 -3.55455947 3.52687359
14.29606437 -0.34500264 -3.69935942 4.11246843
14.28352203 -0.71600616 -3.63726110 4.24320984
14.55284843 -0.97017962 -3.74189181 4.59618359
