11.61857529 0.19305201 -4.34865742 4.46026268
11.56291828 0.39370403 -4.50169229 4.29547539
11.61139031 -0.32703116 -4.34072828 4.90230875
11.75510216 0.18797091 -4.45679464 3.99687681
11.85623665 -0.06896083 -4.47096882 3.80574422
11.85485154 -0.30641581 -4.49638701 3.80113926
11.66992206 -0.33262620 -4.43471021 4.01270623
11.56110268 -0.69207619 -4.52793302 4.36138144
11.54763985 -1.05711100 -4.63580570 4.15039368
11.48785858 0.19314770 -4.23930187 2.96752725
11.37745609 -0.06817192 -4.23739328 3.07777071
11.27530517 -0.23032374 -4.38250084 3.67836013
11.55462780 -0.32708604 -4.24589891 3.82003880
11.62234459 -0.71292245 -4.18347855 3.78014288
11.73171825 -1.08689626 -4.13400746 4.48999405
