23.00227623 0.23733035 -4.12792587 3.73461504
23.12372742 0.45959485 -4.20000763 3.92279549
23.02027855 -0.30129686 -4.18725491 4.53792591
23.07035408 0.22815315 -3.98941598 3.57969518
23.08096924 -0.04397893 -3.93115926 3.39263239
23.11872559 -0.27943028 -3.93747854 2.59122429
23.02937660 -0.30804538 -4.08032894 3.78385038
23.05997467 -0.68099294 -4.08193579 4.01025615
22.98005905 -1.06925414 -4.04609899 4.02503476
22.93246612 0.24466633 -4.26661911 2.62910891
22.87114258 -0.01945827 -4.33753843 2.95194068
22.94217186 -0.24277604 -4.41646766 2.86386604
22.98952065 -0.29778960 -4.29233418 3.82937246
22.94363823 -0.68723488 -4.31602659 3.47416387
22.84797363 -1.06616945 -4.37449989 3.76783233
