20.22535324 0.24714112 -5.47409964 3.62228465
20.32404518 0.45798931 -5.57121277 4.11012363
20.24638939 -0.27541283 -5.44811201 4.76727390
20.21277046 0.25244635 -5.31686306 3.69994617
20.19490051 0.00086999 -5.21599627 3.46699381
20.20774841 -0.23348461 -5.15501213 2.85093522
20.23138237 -0.26942566 -5.34216070 3.91940045
20.33497429 -0.62750268 -5.25690699 4.04758978
20.16895676 -0.98443460 -5.29265022 4.07192183
20.23381805 0.24007100 -5.63224936 2.72735596
20.26046944 -0.03089250 -5.68790388 3.02272558
20.41221428 -0.22682001 -5.68371964 3.14681578
20.24517441 -0.28130662 -5.55736589 3.93683910
20.22520447 -0.66515982 -5.53752995 3.50133467
20.13587189 -1.05139303 -5.54397678 4.22423983
