22.70975151 0.20361701 -3.30673566 4.95286617
22.61458893 0.33258434 -3.43531141 4.42889367
22.71994133 -0.30209963 -3.30421586 5.55844116
22.74027214 0.19048451 -3.44848542 4.58257914
22.73654442 -0.04830031 -3.44616466 4.56107321
22.64208527 -0.22220334 -3.41767282 4.48355503
22.71809845 -0.30539469 -3.40454607 4.47633143
22.59686165 -0.66886681 -3.41953978 5.39287491
22.67309341 -1.03158760 -3.40944471 5.35932274
22.68757324 0.21305905 -3.16412516 3.81922941
22.61424369 -0.00875610 -3.10742154 3.90377736
22.59192009 -0.21067055 -3.19695477 4.99382544
22.72230415 -0.30334294 -3.19552555 4.43757887
22.68966255 -0.69326315 -3.19771347 4.71721544
22.79300842 -1.06542193 -3.21372790 5.67013598
