23.05788231 0.25322447 -4.12602615 4.25062895
23.17150307 0.47530830 -4.23012028 4.46581917
23.07155800 -0.29729567 -4.17215576 4.75238972
23.13481255 0.24862395 -3.99679360 4.03232031
23.12277908 -0.03442106 -3.97654314 3.87303166
23.16845779 -0.27047986 -4.01625729 3.49446788
23.09105491 -0.30622440 -4.06609573 3.88693113
23.13701706 -0.67411348 -4.06732206 4.21924382
23.05083770 -1.06369493 -4.04252052 4.49085894
22.97795753 0.24646184 -4.25589486 2.95693855
22.95082474 -0.02976998 -4.31657114 3.15909605
22.98848953 -0.26290852 -4.39066925 3.39094076
23.03256073 -0.29759930 -4.27644987 3.94875431
23.02655564 -0.67875890 -4.29410963 3.81534448
22.97644120 -1.06358102 -4.31914053 3.98291235
