11.29099216 0.20592242 -4.65479641 4.27360411
11.26454506 0.39017003 -4.83373480 3.91908264
11.29363022 -0.29981488 -4.62750025 4.96206913
11.36319466 0.20134557 -4.79105682 3.93475499
11.38927631 -0.06067729 -4.84248047 3.61431012
11.28473377 -0.24979059 -4.93920546 3.15576444
11.35839462 -0.30584176 -4.71808920 3.98900919
11.34806251 -0.68826942 -4.70481663 4.42111835
11.43549290 -1.07552566 -4.66525507 4.40035762
11.22860393 0.21435992 -4.51599388 3.04085403
11.23474731 -0.03686667 -4.42569218 3.21064224
11.18030033 -0.27190191 -4.39076233 3.08014288
11.23202438 -0.30232528 -4.53572579 3.92459965
11.10276890 -0.65892090 -4.58112163 3.80595603
11.08240871 -1.04010179 -4.58165188 4.39511290
