11.11320438 0.19815860 -5.82940283 4.38579864
11.02676906 0.41873200 -5.92518473 4.35636949
11.09741821 -0.31690667 -5.81729660 5.17034121
11.19772282 0.19714353 -5.96459226 4.10958491
11.27252121 -0.06976960 -5.98477087 3.90507694
11.23493271 -0.30555852 -6.02645846 3.34232974
11.17009163 -0.32737723 -5.89949169 4.29279690
11.20922833 -0.71161148 -5.84090719 4.80815907
11.34167004 -1.07804928 -5.75215092 4.95046024
11.02969017 0.19457151 -5.69615116 3.12238359
11.01357746 -0.06717401 -5.62045670 3.26644130
10.96741676 -0.30009800 -5.62012968 3.45712099
11.02624912 -0.31606193 -5.73453360 3.98523712
10.95344810 -0.68506277 -5.78058109 3.95364370
10.91560325 -1.06982231 -5.81791220 4.23935461
