18.70856247 0.24195552 -5.44762840 4.24629708
18.78695641 0.44125101 -5.61667385 4.12865038
18.72370911 -0.27659560 -5.42577686 4.76244697
18.81170578 0.25812198 -5.33134623 3.95760879
18.78459511 -0.00325794 -5.27462368 3.83493795
18.87383919 -0.18998380 -5.37803249 4.03222227
18.76720734 -0.27623228 -5.32510958 3.85721054
18.85396690 -0.65229952 -5.30962143 4.16555576
18.74561081 -1.02048292 -5.26996059 4.47926378
18.61386910 0.22234646 -5.56792383 2.88032050
18.56687469 -0.04343921 -5.60826159 3.14950004
18.64360466 -0.26809054 -5.65460119 3.68779354
18.66770820 -0.27990195 -5.51973676 3.92694893
18.70317231 -0.66835921 -5.51818114 3.49277568
18.67830887 -1.05156953 -5.50903816 4.10793266
