19.89233170 0.23624552 -3.97075019 3.87319136
20.00911141 0.45118099 -4.05663748 4.02877369
19.90700378 -0.28257509 -4.00781918 4.69873362
19.93553887 0.23307684 -3.81759500 3.88858347
19.96108971 -0.03368788 -3.78710227 3.59130163
20.09954796 -0.20450619 -3.87656984 2.97954946
19.89995308 -0.29102330 -3.90120845 3.63092375
19.89679947 -0.67682397 -3.93797541 4.20704613
19.77195473 -1.05006721 -3.93583140 3.95177031
19.84544296 0.23141794 -4.12283278 2.89873948
19.78464890 -0.02171108 -4.20599756 3.05926519
19.77694245 -0.25436088 -4.26346264 3.19563813
19.89744453 -0.27986140 -4.11394015 3.80678234
20.03585014 -0.63937828 -4.14928055 3.82342815
19.93440399 -1.00945705 -4.09060774 4.06347232
