22.20414650 0.05173093 -4.37508362 4.17848789
22.31393230 0.23631264 -4.42052679 3.74046182
22.04464994 -0.37218707 -4.45886270 4.79478366
22.24798818 0.01472091 -4.24877970 3.78492047
22.16524784 -0.23847736 -4.22726503 3.44591702
22.23499271 -0.26282283 -4.45325850 3.65932171
22.09487556 -0.38565214 -4.37037270 4.19567213
22.34269117 -0.58350187 -4.66319102 4.43567190
22.17857450 -0.94231527 -4.66528445 3.77190550
22.13922277 0.10362979 -4.49877034 2.86438238
21.98315708 -0.05695903 -4.61171294 2.95970921
22.19549750 -0.14557013 -4.60360769 3.06369494
21.98574048 -0.35884297 -4.54060322 3.92206581
21.84417975 -0.74190411 -4.58758788 3.86359156
21.65508455 -1.06403527 -4.49500712 3.89672499
