12.49121094 0.19311450 -2.28949857 4.24250793
12.29511452 0.36380208 -2.23571992 3.85307050
12.63255310 -0.30327272 -2.22906971 4.65392160
12.37039757 0.16821384 -2.38413382 3.83065915
12.36919498 -0.10484638 -2.42587543 3.61421084
12.31181717 -0.34127766 -2.37980103 3.13992786
12.54939938 -0.31203166 -2.30372000 3.81766891
12.43464756 -0.68728054 -2.21393299 4.39450026
12.40740108 -1.07992089 -2.24514699 3.95032382
12.59474564 0.22480403 -2.18155813 3.01791859
12.69594193 -0.00410473 -2.11513877 3.01524782
12.56687260 -0.19800654 -2.05884027 3.51977825
12.71417522 -0.30360028 -2.15411854 3.84194779
12.74699974 -0.70608956 -2.16588664 3.85643268
12.86845493 -1.06591749 -2.25896668 4.14605522
