19.69637680 0.23318211 -2.86209397 4.11822205
19.59775695 0.42916187 -2.97505250 3.99526816
19.68801002 -0.28271294 -2.82294936 4.78291998
19.79539070 0.22030992 -2.99763426 3.79577331
19.90122566 -0.03252518 -3.06735716 3.55103841
19.87634621 -0.24798655 -3.15578890 3.14977426
19.74709931 -0.28930586 -2.91531496 3.93153773
19.72225532 -0.67494469 -2.96476240 4.42921133
19.83253212 -1.05702157 -2.96110587 4.58286876
19.60093040 0.23859407 -2.72549128 2.93553210
19.53900261 -0.02959280 -2.65820675 3.04204121
19.43369103 -0.22362361 -2.72956648 3.21403684
19.62524338 -0.28425822 -2.73575220 3.90491905
19.54478454 -0.65451889 -2.74766283 3.83877854
19.68676796 -1.00108624 -2.72260236 4.28479395
