11.52191353 0.18835452 -6.92260981 4.34235620
11.44028187 0.40109488 -7.03811979 4.21555710
11.47028542 -0.34215176 -6.91268635 4.93503714
11.60779762 0.18472067 -7.05506992 3.89816093
11.63037682 -0.08960966 -7.08051729 3.79595661
11.60501862 -0.32530379 -7.12213135 3.10957789
11.53511715 -0.34749725 -7.00370979 4.04582500
11.57675648 -0.71362579 -6.99045849 4.52547693
11.73867798 -1.03819346 -6.97783661 4.48998833
11.43884182 0.18477827 -6.79323673 3.06218863
11.40554047 -0.07609583 -6.71078491 3.16777420
11.30435085 -0.29478377 -6.67277193 3.19051456
11.41154671 -0.34362775 -6.82006693 4.01260805
11.30351734 -0.69556546 -6.79664183 3.89366245
11.24539375 -1.06039643 -6.75407076 4.38829565
