16.73592568 0.21467561 -3.64838047 4.14310341
16.78558731 0.42025190 -3.81561714 4.06270666
16.70875855 -0.31717875 -3.66958799 5.09165745
16.82880325 0.21566890 -3.51736446 4.14824152
16.86450004 -0.05011942 -3.48213625 3.98593693
16.98162613 -0.24146420 -3.58781695 3.76708403
16.72275314 -0.32428286 -3.56614713 4.12284718
16.67526474 -0.70092889 -3.54825211 4.34020061
16.52492981 -1.06213107 -3.51444320 4.80384159
16.63815918 0.21489712 -3.77895069 3.05604444
16.54430504 -0.04497360 -3.81064001 3.28880663
16.47960968 -0.26696323 -3.87473626 3.89502545
16.67480621 -0.32024611 -3.77033219 3.93114605
16.79614716 -0.66951256 -3.82333956 4.08051271
16.80819435 -1.05669763 -3.82031346 4.51168690
