22.10709533 0.19401323 -8.73835297 3.73805390
22.22819939 0.41087294 -8.69540672 3.94922609
22.14039917 -0.33197212 -8.71254501 4.78641414
22.03818054 0.19427149 -8.58923130 3.49735947
21.99950523 -0.07835402 -8.54997979 3.50445451
22.03375892 -0.30671613 -8.53111992 2.85543203
22.09528236 -0.34319070 -8.61119823 3.85013475
22.19681968 -0.68775840 -8.58397350 3.88422070
22.23380470 -1.05551378 -8.58334675 3.94640293
22.17664376 0.19457754 -8.88749676 2.74927854
22.23894577 -0.07075234 -8.94162903 2.89430680
22.32418747 -0.28781301 -8.93363323 2.71172476
22.16840210 -0.33991396 -8.81797752 4.02465792
22.14630317 -0.70980838 -8.78738499 3.15132637
21.95939331 -1.03375626 -8.86589203 3.71629639
