21.43688507 0.19970399 -8.93915386 3.89129290
21.31500130 0.40565906 -9.03307572 3.87695332
21.43240586 -0.31687012 -8.91701145 4.54791193
21.53322144 0.19547655 -9.07114640 3.50239973
21.58602066 -0.06904134 -9.10304870 3.47815838
21.58237038 -0.30901143 -9.15601978 2.70813861
21.50875244 -0.31448368 -8.99410343 3.89005446
21.51897202 -0.68732856 -9.00796376 3.81756639
21.63192101 -1.04890785 -8.95499668 3.51113176
21.35005150 0.20630550 -8.80363159 2.72944217
21.32246094 -0.05742616 -8.75392876 2.92026363
21.25834580 -0.28113186 -8.80972767 3.27063627
21.36113243 -0.31952586 -8.83684788 3.78958731
21.26385955 -0.67764797 -8.86222687 3.21506744
21.23863640 -1.06382516 -8.86429577 3.73000093
