23.02764435 0.22850926 -6.41232987 4.10819779
23.07767563 0.42469074 -6.58708391 3.70767908
23.02194061 -0.29759070 -6.44109316 4.63608570
23.16372490 0.23138575 -6.33675843 3.86770406
23.17005081 -0.03995832 -6.27306738 3.61574002
23.17249107 -0.27874281 -6.27209596 2.62548914
23.12427216 -0.30398522 -6.41751900 3.94662753
23.13585968 -0.65429213 -6.56352091 4.00163594
23.13534965 -1.03032954 -6.65456438 3.64642982
22.88428879 0.23015606 -6.48010845 2.67340164
22.83176041 -0.04182084 -6.47374649 2.90461106
22.83024445 -0.27752792 -6.52059708 2.60819946
22.91192741 -0.29858050 -6.45285826 3.91195164
22.93605156 -0.68666649 -6.40377817 3.33081970
22.91524925 -1.06174626 -6.29399290 3.66994820
