22.67750854 0.22616226 -8.62208786 4.04921846
22.78495102 0.45641196 -8.64706211 4.36272974
22.73682060 -0.29168516 -8.63289910 4.91982307
22.69616279 0.22537895 -8.45915852 3.99249639
22.77731438 -0.03609286 -8.42174701 3.70062218
22.88333931 -0.21650765 -8.49759769 3.06548548
22.73461685 -0.29211440 -8.52191563 3.79920320
22.77681503 -0.64381786 -8.47387390 4.40368681
22.48861313 -0.89439665 -8.46716614 3.87466908
22.67047005 0.22391625 -8.78554192 2.93087287
22.67564315 -0.03553675 -8.87294330 3.12504053
22.80977097 -0.23587050 -8.87105312 3.26337209
22.73049088 -0.29443333 -8.74442329 3.88048463
22.76766167 -0.65261677 -8.69339409 3.71471739
22.75248222 -1.03288154 -8.68859730 4.24205399
