20.28245201 0.20916366 -4.78707122 3.73203940
20.11082764 0.41232468 -4.85979309 4.10675230
20.29927979 -0.30218321 -4.76958542 4.50128212
20.29392929 0.20870060 -4.94170017 3.48633528
20.27759971 -0.04728726 -5.03255758 3.45557671
20.11276207 -0.22438379 -5.04186067 2.86115832
20.32142944 -0.30373113 -4.87314673 3.67029701
20.42332840 -0.67604054 -4.86151991 4.09250879
20.66063995 -0.96932090 -4.83570681 3.88795156
20.27604675 0.20375266 -4.62973098 2.77186003
20.36405868 -0.04454360 -4.55147466 3.07097564
20.36454048 -0.27654965 -4.54276362 3.21491404
20.28601608 -0.30535829 -4.66687575 3.73533516
20.16539192 -0.67079234 -4.66438990 3.50090966
20.13390846 -1.04374812 -4.62456646 4.06341181
