24.17521744 0.18697359 -9.99311867 3.93411722
24.31081314 0.39182124 -9.99793072 4.40519858
24.20343017 -0.32440011 -10.00402184 4.97410545
24.20120010 0.19093819 -9.83722287 3.89035187
24.18825989 -0.05155211 -9.75984364 3.64200702
24.33632851 -0.08670811 -9.88720265 3.80770750
24.18592491 -0.32621834 -9.89203682 3.90156259
24.25088196 -0.70571681 -9.91246148 4.38811855
23.96926384 -0.94949250 -9.96598606 4.23953839
24.14251328 0.19328877 -10.14904899 3.01234889
24.09970284 -0.03042381 -10.26710434 2.95821156
24.31339569 -0.03409921 -10.19619236 3.54303556
24.21496392 -0.32831377 -10.11431084 3.96054916
24.33278465 -0.69886656 -10.10900250 3.76002540
24.28234024 -1.06764517 -10.12548008 4.03141079
