25.83918190 0.23233963 -5.19859753 3.84760814
25.63707886 0.42033339 -5.18228045 3.66191425
25.88181992 -0.30316731 -5.19133300 4.46650076
25.85128746 0.22752523 -5.35636664 3.46842155
25.80280647 -0.04029058 -5.45124149 3.31156015
25.65533218 -0.23944701 -5.46257286 2.85381479
25.89964714 -0.29949846 -5.29808369 3.64255300
25.93703308 -0.67507335 -5.28894634 3.65155754
26.05017090 -1.05155673 -5.24709206 3.27652421
25.82990990 0.23247610 -5.04013100 2.67696514
25.85334015 -0.03887947 -4.96909065 2.74861011
25.74059486 -0.25548723 -4.99628200 3.22305488
25.86275673 -0.30911385 -5.08329439 3.66742506
25.69712372 -0.66429490 -5.05840540 3.40602126
25.66294937 -1.04696012 -5.05656061 3.49185267
