23.68186684 0.24378524 -5.22818833 4.05508480
23.73127136 0.42466388 -5.07460213 3.90325298
23.70399895 -0.29033962 -5.20172615 4.45263929
23.54364624 0.25340585 -5.14204397 4.09612160
23.52424278 0.15494246 -4.91513567 4.00768652
23.64505577 0.35359873 -4.94846125 3.63884830
23.62961693 -0.28929503 -5.12201204 3.63785143
23.68740616 -0.67027532 -5.09682045 3.97107010
23.68374710 -1.05611916 -5.09439010 3.37529430
23.80305901 0.24010444 -5.33372154 2.65360117
23.87144661 -0.01503238 -5.40289755 2.82193327
23.95447083 -0.23567404 -5.37253990 2.65130086
23.77086029 -0.29114864 -5.29046640 3.84135584
23.82179641 -0.67718920 -5.27559051 3.37587690
23.70331039 -1.00729525 -5.49742231 3.58459959
