25.32279854 0.21992800 -5.47416792 4.00101190
25.39702682 0.43804295 -5.57584257 4.24122896
25.34343109 -0.30099919 -5.52857962 4.71872444
25.38961411 0.21448379 -5.33350448 3.73222919
25.46066589 -0.05418469 -5.32364921 3.57246928
25.54351120 -0.24602984 -5.37446165 2.96357193
25.36674919 -0.30848624 -5.41852617 3.67809043
25.42661133 -0.66894669 -5.42483349 4.05548735
25.41532326 -1.05904963 -5.42805509 3.95367107
25.27118912 0.22519548 -5.62261009 2.85955896
25.29959945 -0.02618365 -5.72329225 2.93584442
25.39672012 -0.22535164 -5.78526897 2.63127146
25.31621284 -0.29013135 -5.63413811 3.90433631
25.28221664 -0.64780727 -5.73195429 3.54970360
25.06115036 -0.97054198 -5.65349112 3.66765294
