24.53239670 0.19113375 -6.88720979 3.60613446
24.68571319 0.40151903 -6.90981150 3.75747919
24.54196243 -0.32840791 -6.89305830 4.44783440
24.53827285 0.20118013 -6.72484121 3.35944218
24.57481537 -0.06663509 -6.69279337 3.38855686
24.72524566 -0.24058133 -6.80029583 2.29692559
24.51223908 -0.32826200 -6.78384562 3.49389958
24.46455956 -0.69949785 -6.71670055 3.66913013
24.27878265 -1.03259392 -6.64745302 3.29043112
24.53615265 0.18150285 -7.05025539 2.65814991
24.51674729 -0.07311689 -7.14442492 2.83763032
24.60079193 -0.28943708 -7.17085609 2.47980394
24.55206147 -0.32889386 -7.00634632 3.67461257
24.64123268 -0.67843429 -7.07798214 3.58648629
24.71511955 -1.04205222 -7.17865362 3.23454290
