18.47666092 0.22685970 -6.18058462 3.82542100
18.33462067 0.41635562 -6.14129181 4.22753439
18.47247124 -0.30161870 -6.16215963 4.55489444
18.46197891 0.22444869 -6.34153156 3.66856012
18.44349480 -0.01312933 -6.44003372 3.50994907
18.36692276 0.02514062 -6.23344040 3.97497797
18.49096985 -0.30200282 -6.26591692 3.60246587
18.51910553 -0.67740679 -6.24532728 4.03010750
18.67231254 -1.02274103 -6.17880717 4.07017336
18.49252586 0.22801736 -6.01691132 2.87562409
18.58435135 0.02748033 -5.88996039 3.16125183
18.43072472 -0.03411329 -6.01056528 3.80078583
18.46084213 -0.29856231 -6.05990181 3.64990969
18.34832726 -0.65956080 -6.08121634 3.66720205
18.51761017 -1.00059431 -6.06400194 4.27278862
