13.41332741 0.14751358 -10.01314221 4.17553558
13.36701832 0.36632319 -9.93293037 4.69839325
13.41819859 -0.35088534 -9.98371296 4.87019043
13.40744686 0.14675677 -10.17493515 3.89202285
13.44128570 -0.10625879 -10.24985371 3.63269568
13.33989563 -0.30463783 -10.19148636 3.39951639
13.41284980 -0.35371527 -10.09005280 3.88065777
13.29354820 -0.69191185 -10.15654183 4.14133129
13.39083347 -1.05456944 -10.23256836 4.11115418
13.41202145 0.14452215 -9.84934005 3.02607593
13.42156067 -0.10392636 -9.73753700 3.01367273
13.34507141 -0.33255985 -9.75739574 3.76320782
13.42363071 -0.35096339 -9.87479287 3.96700497
13.42226124 -0.70521211 -9.73205090 3.90161018
13.56000881 -1.04257493 -9.59900761 4.45975771
