23.78942489 0.24084585 -5.03593507 4.27044935
23.81281490 0.41297490 -4.84269657 3.52228095
23.78658104 -0.29273995 -5.01852278 4.72160263
23.61610699 0.25268291 -4.99815364 4.23000980
23.53987027 0.13861093 -4.78356404 5.12964554
23.70728894 0.37306260 -4.80410113 3.58887701
23.67573738 -0.28868759 -5.00941520 3.65353804
23.66951256 -0.67358266 -4.99718695 3.96872153
23.65789891 -1.05899837 -5.06587820 3.58767174
23.95703678 0.23020591 -5.07255110 2.83721004
24.04409199 -0.01761343 -5.14808106 2.88381279
24.10362377 -0.22621857 -5.12497306 2.54163770
23.89910068 -0.29531439 -5.03694644 4.00530305
23.97715893 -0.65674666 -4.94784370 3.46617169
24.07753659 -1.04981545 -4.92790003 3.58154063
