24.10960121 0.22851840 -3.09553232 3.94293923
24.12236976 0.42853739 -3.28740507 3.73076119
24.07416687 -0.29512054 -3.06367664 4.63544531
24.25751038 0.24057923 -3.02660127 3.65212221
24.32677803 -0.02704397 -2.96329102 3.47732530
24.38034325 -0.25104940 -2.96283588 2.97833695
24.17565575 -0.29323996 -3.01546126 3.86704955
24.25200233 -0.66345246 -3.02185569 4.08986692
24.15935135 -1.04206043 -2.91562180 3.78784981
23.95421486 0.22107925 -3.16101680 2.71462278
23.87269669 -0.04877989 -3.18435388 2.87048006
23.93887291 -0.27426423 -3.25242433 3.05767918
23.97621536 -0.29538049 -3.11152363 3.88263435
23.98309479 -0.68259560 -3.10841174 3.44258285
23.93334503 -1.06662064 -3.03864999 3.69121342
