13.99294129 0.19389595 -9.28990478 3.98506561
13.86055279 0.43912063 -9.22925129 4.37661486
13.95429153 -0.32060490 -9.31238404 4.87978239
13.97625713 0.20359079 -9.44840755 3.85957070
13.99962902 -0.05563732 -9.53179093 3.61709066
13.90275745 -0.27029914 -9.49763069 3.36854744
13.94917469 -0.32150807 -9.41594048 3.90600872
13.89358597 -0.67915524 -9.47245178 4.36295986
13.95693970 -1.04496338 -9.54240895 4.32532177
13.99693260 0.18319680 -9.12753544 2.99795170
14.00152778 -0.08311016 -9.06542625 3.14056082
13.91805420 -0.30801512 -9.06601639 3.31371822
13.96507873 -0.32312191 -9.20714798 3.95990658
13.94936886 -0.68932055 -9.19102211 3.74624138
14.00096035 -1.06955616 -9.19831333 4.23354139
