15.74124107 0.15611416 -3.73124848 4.18032493
15.58481216 0.34878251 -3.68464308 4.31295309
15.77923374 -0.35140330 -3.71690960 5.08516645
15.68765068 0.15380740 -3.88089199 3.97085877
15.72231712 -0.08768349 -3.96172056 3.70549812
15.66777019 -0.19474908 -3.80079717 3.65246019
15.73034172 -0.35690749 -3.80841436 4.06804266
15.62866135 -0.70690535 -3.73121218 4.54060936
15.71777401 -1.02345035 -3.82975745 4.63335228
15.81488686 0.16358547 -3.58747888 3.26778216
15.92086830 -0.05950697 -3.49974475 3.15948419
15.73376828 -0.18876546 -3.56283755 3.64389782
15.83006630 -0.35238644 -3.62534275 4.11212139
15.77358456 -0.72752721 -3.61485510 4.07018166
15.87916050 -1.05276670 -3.77027827 4.35228300
