24.41933823 0.23812358 -7.45018405 4.39497309
24.56927986 0.45084122 -7.52414484 4.20967837
24.39255257 -0.28101153 -7.45207577 4.89553833
24.45579681 0.24240609 -7.29753284 4.21528444
24.54143906 -0.01090757 -7.25398255 3.77860755
24.70764275 0.01901413 -7.36467418 3.75374660
24.39742890 -0.28400609 -7.34750519 4.06072492
24.40316543 -0.66988630 -7.34633427 4.25862350
24.27202721 -1.02925024 -7.36253147 3.81013474
24.36648750 0.22583704 -7.59724874 2.94724402
24.31631394 -0.03643116 -7.66417341 2.77394262
24.37053146 -0.25618144 -7.70200864 2.86654916
24.37790909 -0.28697896 -7.55825653 3.86684222
24.48954239 -0.64726396 -7.55029249 4.09781642
24.53877106 -1.01512368 -7.55680723 4.02278718
