24.40417442 0.18095532 -3.13120775 4.07215214
24.41834564 0.38631599 -3.31191588 3.67528815
24.37481079 -0.33726629 -3.11313877 4.59285583
24.53988838 0.19047054 -3.03617453 3.76807618
24.57376251 -0.05629084 -2.91049194 3.51279645
24.61812858 -0.24259972 -2.78397889 2.44761667
24.46582871 -0.33352730 -3.05061359 3.86371918
24.61067276 -0.69282074 -3.08582430 4.13461323
24.67052193 -1.08040302 -3.03929601 3.78980456
24.26279145 0.18205822 -3.22654524 2.80454679
24.21110382 -0.08351317 -3.28445716 2.80971956
24.30621872 -0.26624062 -3.38947272 2.78040772
24.28324814 -0.33858180 -3.17425203 3.76749272
24.17861214 -0.72087886 -3.16900177 3.45297871
23.97699966 -1.05175403 -3.06189118 3.61434975
