25.09206276 0.22873667 -9.95789738 3.87688493
25.23974533 0.43786440 -9.94551144 4.32600722
25.14581985 -0.28494135 -9.98429089 4.86545248
25.09237785 0.23336120 -9.80410862 3.77895703
25.07297592 -0.01646075 -9.75186176 3.59230938
25.27716294 0.02839017 -9.84847183 2.97486248
25.11531868 -0.28873679 -9.87451954 3.81750974
25.14037933 -0.67854201 -9.90087548 4.26949844
24.96032295 -1.03909337 -9.98168984 3.78196997
25.08567543 0.22852353 -10.11299076 2.95438909
25.03953553 0.00044941 -10.21850548 2.95330353
25.24267502 -0.04566438 -10.15324211 3.79487429
25.16522407 -0.28328110 -10.09315300 3.87212338
25.30245781 -0.64854213 -10.05664482 3.50331468
25.18994179 -1.02986315 -10.10460949 4.06772690
