23.20612335 0.20629674 -6.01262655 3.71085778
23.31952515 0.40997612 -6.09977951 3.75377145
23.28619461 -0.30925384 -6.05072565 4.63489856
23.21555443 0.20000306 -5.85614386 3.54135552
23.18545914 -0.06388858 -5.80410681 3.31571083
23.19071541 -0.29463788 -5.80321722 2.64660211
23.27030068 -0.32125216 -5.94575510 3.56015625
23.32386513 -0.68038844 -5.94088507 3.83772588
23.31967354 -1.05405073 -5.95002079 3.47514071
23.20028420 0.21473753 -6.16821794 2.72229500
23.16093903 -0.02942445 -6.28539276 2.92523227
23.18438568 -0.24901029 -6.35849323 2.35328922
23.28565864 -0.29822449 -6.16065254 3.83015089
23.31107978 -0.66020982 -6.23783188 3.30583263
23.05931091 -0.95557025 -6.30481481 3.55003209
