13.59417321 0.19743621 -6.60234125 5.03269012
13.54893227 0.39468102 -6.70511686 4.50045738
13.60286613 -0.31230532 -6.63579755 5.37402546
13.73455185 0.20392059 -6.66674520 4.58415373
13.82165703 -0.04303587 -6.67105335 4.50656452
13.76949131 -0.21864538 -6.74906771 4.04739681
13.70852722 -0.31922578 -6.69358667 4.49388611
13.64811729 -0.68519719 -6.75092098 5.28664463
13.66719342 -1.03850702 -6.68834640 5.39417866
13.45060532 0.19449365 -6.54931776 3.32453941
13.38895916 -0.05407987 -6.52997421 3.39855404
13.38219414 -0.20590940 -6.69694266 3.88029260
13.49203388 -0.31554560 -6.58913881 4.19136372
13.48117443 -0.67382869 -6.68657999 4.67571548
13.54728974 -1.02196447 -6.53470643 5.55037310
