21.83912620 0.20888333 -5.25648174 4.00230827
21.89791412 0.41054914 -5.40871839 3.81972490
21.78437920 -0.31113310 -5.24999705 4.66779738
21.97440261 0.21008927 -5.18261823 3.75070796
21.99311333 -0.05772633 -5.11392546 3.51226711
22.01557884 -0.29899856 -5.05518770 3.24636641
21.88487930 -0.31484795 -5.20866204 3.93573742
21.96580162 -0.66515407 -5.28736467 4.10891276
21.95885620 -1.05260258 -5.25522194 3.94144297
21.70392418 0.21373175 -5.33220825 2.81340885
21.61780090 -0.04545273 -5.35454321 3.02204695
21.68847351 -0.23839442 -5.46858110 2.84450722
21.68508415 -0.30425101 -5.29718647 3.92192030
21.62118034 -0.67177620 -5.29076557 3.83603859
21.47662735 -0.99155820 -5.12091264 4.00919323
