15.56425209 0.23745426 -8.43192501 4.25579681
15.40921097 0.44445202 -8.48433285 4.20186510
15.58441887 -0.27887265 -8.37939797 4.92607822
15.57626114 0.23043293 -8.58688965 3.90135431
15.62693024 -0.01340859 -8.63877678 3.67704444
15.45599022 0.01325025 -8.53135071 4.74812984
15.61075306 -0.28371847 -8.48202953 3.98162293
15.62018624 -0.66158051 -8.45662422 4.40775957
15.79027042 -0.99879269 -8.41194897 4.42349987
15.55866261 0.24803070 -8.27133961 2.95748816
15.60702495 0.04123697 -8.14111633 3.34364395
15.48693657 -0.08448289 -8.26395435 4.21954898
15.55714607 -0.27651360 -8.27629604 3.95809470
15.47776279 -0.64993006 -8.26107674 4.19336291
15.52390175 -1.01546831 -8.18157120 4.23128280
