20.69705582 0.18646809 -8.63103161 4.17099771
20.60267410 0.41034643 -8.50202675 4.15151443
20.70232926 -0.34343616 -8.62317753 4.81859808
20.61617966 0.18213590 -8.75559025 3.95735135
20.53476448 -0.08073744 -8.81606579 3.54419108
20.47612457 -0.29104577 -8.71082955 3.02318191
20.68536301 -0.34559501 -8.72687492 3.99868378
20.69251709 -0.69855906 -8.73989411 3.82221556
20.79592285 -1.05167825 -8.79499340 3.79545798
20.78065490 0.19170831 -8.50035095 2.99365482
20.77216262 -0.08057295 -8.43877335 3.01408248
20.65853996 -0.28589511 -8.42691784 2.96981912
20.72541542 -0.34389118 -8.51810722 3.93088532
20.62199936 -0.68939933 -8.43409748 3.64667930
20.62376671 -1.07754829 -8.41190338 3.96024256
