25.33321457 0.23340608 -5.09839325 3.96304760
25.11005745 0.42761470 -5.07533331 3.83347187
25.36755524 -0.29248759 -5.10580959 4.52763920
25.33349762 0.22790072 -5.25730362 3.37161388
25.35881882 -0.03134950 -5.32251672 3.35749407
25.35697708 -0.27522744 -5.31898022 2.26261525
25.35727920 -0.29315419 -5.21263123 3.52245102
25.20064811 -0.64172018 -5.23280373 3.77125111
25.35457230 -0.99038701 -5.21785554 3.18400550
25.33953362 0.24164360 -4.93977565 2.75313187
25.36120834 -0.01802417 -4.84766874 2.84819012
25.21776886 -0.22599805 -4.85398789 2.49280347
25.37657432 -0.29080735 -4.99688645 3.86555944
25.34083519 -0.67526819 -5.03625508 3.06561728
25.45398979 -1.05311274 -5.07512846 3.34288569
