16.05900917 0.23607070 -6.60327683 4.07675266
15.95855484 0.43785402 -6.48913698 4.03561487
16.07272186 -0.26805532 -6.56597700 4.75878582
15.94137497 0.23370744 -6.70888052 3.82826690
15.90792962 -0.03308238 -6.73231182 3.85905857
15.87739410 -0.25642058 -6.68834467 3.63533411
15.99001427 -0.27851714 -6.63936939 3.79575004
15.96514511 -0.64768074 -6.54704428 4.43708105
16.07442856 -1.01441903 -6.60121336 4.09983339
16.16653137 0.23652620 -6.49074249 2.82335825
16.21226463 -0.02413115 -6.44587717 3.25839334
16.09094200 -0.21219847 -6.37070866 3.40016417
16.16058044 -0.26971564 -6.50132713 4.04857483
16.20746765 -0.64373101 -6.46035309 3.70578041
16.33127022 -1.00246254 -6.55368262 4.25178099
