15.34188309 0.11484776 -6.33874378 4.27534294
15.35793419 0.30039013 -6.50646066 3.89039349
15.39744606 -0.37713688 -6.31644583 4.89943371
15.49837379 0.13355129 -6.32872200 4.23684349
15.57916641 -0.10311877 -6.25162363 3.58500633
15.51929760 -0.24144874 -6.42994099 3.36032419
15.51154003 -0.37733056 -6.30526085 4.11859226
15.65531139 -0.69966552 -6.37879753 4.57863979
15.82591057 -0.98890203 -6.20885019 4.69018726
15.19151535 0.09272406 -6.32605973 2.94940519
15.11120758 -0.13774729 -6.22684489 3.16137481
15.11341858 -0.34244860 -6.31733951 3.62376461
15.28745937 -0.37747073 -6.31174698 4.06356974
15.21347027 -0.71410153 -6.41682796 4.01753735
15.19838448 -1.06142101 -6.24867697 4.11667890
