25.47897987 0.31565299 -5.60644979 4.22580376
25.58566551 0.53925782 -5.63906612 4.51447563
25.52450218 -0.21031139 -5.62662983 4.98440848
25.47840538 0.31126934 -5.45416098 4.08722639
25.32112732 0.10395689 -5.37858353 3.76822548
25.34654694 -0.11197819 -5.37900934 3.68044577
25.52088318 -0.21487692 -5.51829634 3.95496884
25.58434906 -0.61062423 -5.47584381 4.27461624
25.47351913 -1.00410652 -5.40132609 4.02116465
25.46999245 0.32108299 -5.76169644 3.01667323
25.31149444 0.10869403 -5.84140759 3.12456093
25.32942429 -0.03525650 -5.88775711 4.89074831
25.52035332 -0.21013317 -5.73665705 4.01128874
25.52570915 -0.61771190 -5.72646293 3.51540518
25.44493027 -1.01385868 -5.75578060 4.07115536
