21.71150627 0.20592440 -8.86330128 3.88459792
21.80180855 0.41200170 -8.77239036 3.94293942
21.74616699 -0.31753249 -8.83567963 4.71642819
21.58117562 0.20838271 -8.76242656 3.62459068
21.56611252 -0.06350445 -8.70449715 3.42779937
21.64260712 -0.27532787 -8.67122974 2.43607640
21.65631904 -0.31829082 -8.77044086 3.63321194
21.59487152 -0.67102027 -8.75524139 4.01460886
21.46784744 -0.99177668 -8.91502456 3.53311253
21.82741127 0.20396033 -8.97736683 2.72662940
21.88587837 -0.06491382 -9.01941986 2.96715388
21.93868408 -0.28573504 -8.98220463 2.76277814
21.83266296 -0.31792199 -8.90761394 4.06931181
21.86311264 -0.67882221 -8.88763809 3.46491451
21.89891777 -1.05402827 -8.89642582 3.78715158
