23.58995667 0.24438612 -9.64979095 3.90581532
23.59536362 0.41103693 -9.46710167 3.84122334
23.65368004 -0.27695882 -9.69392357 5.09087067
23.44263535 0.24156800 -9.57081299 3.62776160
23.30846138 0.02518053 -9.67876701 3.40720263
23.37585640 -0.11428879 -9.51111507 2.08250337
23.57913590 -0.29063805 -9.62954140 4.08177777
23.76881638 -0.63718886 -9.67319259 4.09196186
23.89702644 -1.00897780 -9.75994129 3.72402740
23.73525200 0.24108690 -9.72540055 2.63867721
23.84693489 0.00200631 -9.75655899 2.82505016
23.87841415 -0.03582139 -9.55779400 2.70000987
23.71646805 -0.26158347 -9.76822453 4.10371685
23.72405471 -0.64680214 -9.80058346 3.77458782
23.48708305 -0.92276239 -9.98486138 3.65670919
