18.38016891 0.23702077 -6.19268370 3.98681331
18.26685867 0.43595492 -6.14129638 4.20456133
18.35504188 -0.28736474 -6.19420290 4.82466221
18.35005722 0.23710117 -6.34776649 3.75649862
18.33718681 0.00266964 -6.43296089 3.77469087
18.23009186 0.02971284 -6.25131912 3.85186262
18.36411209 -0.28909812 -6.30029764 3.77592501
18.41065292 -0.67135744 -6.27499838 4.26030788
18.60756798 -0.98170962 -6.20806589 4.09132834
18.40826454 0.23582205 -6.03301106 2.90466042
18.48078156 0.01098251 -5.94974356 3.28521252
18.28205223 0.00563036 -6.01434526 3.57712584
18.34860001 -0.28667407 -6.08784008 3.87263956
18.24282417 -0.66174364 -6.12647905 3.83492427
18.28816529 -1.04322508 -6.16165991 4.25802307
