23.31644211 0.21987389 -9.01865654 4.60661173
23.19734154 0.40914166 -9.13317852 3.97049170
23.33633918 -0.30705318 -8.96433659 4.92411289
23.38163529 0.23876625 -9.14733276 4.17850867
23.53718910 0.13842267 -9.28158111 5.02735214
23.24441757 0.26002902 -9.35395852 4.49957637
23.35680275 -0.30655517 -9.06527100 3.97578354
23.25280609 -0.68656615 -9.05313873 4.43576870
23.31268844 -1.07128208 -9.00344982 4.25424338
23.26254234 0.21668444 -8.88970375 3.20054307
23.22684365 0.00959273 -8.75008011 3.06413842
23.05837173 -0.14124055 -8.81079407 3.98366794
23.31576920 -0.30407954 -8.86170139 4.00127401
23.29448433 -0.69077399 -8.87419701 4.22157674
23.54693641 -0.96006935 -8.74299144 4.36005182
