14.95765858 0.24559684 -8.79597397 4.01952119
14.83695698 0.45596012 -8.79007263 4.19580593
14.94814243 -0.28724010 -8.78731918 4.70824261
14.96465778 0.24426413 -8.95312271 3.72754354
15.00679245 0.01199096 -9.03013535 3.56894998
14.81320667 0.00024629 -8.93839054 3.74974418
14.97598267 -0.28745050 -8.88961640 3.78802719
15.01678162 -0.67015792 -8.87910957 4.12186947
15.18905487 -1.00299248 -8.80744152 4.28653984
14.94291802 0.25078147 -8.63852520 2.88943753
14.96428757 0.02594210 -8.52963543 3.10474019
14.77738133 -0.05166597 -8.58906918 4.08218927
14.91467247 -0.28904698 -8.68592377 3.81686502
14.83969249 -0.66114054 -8.76104660 3.62903318
14.91750297 -1.02701094 -8.78580532 4.21668911
