27.89492569 0.23584472 -5.90209494 4.46233702
27.95115471 0.44744205 -6.07883072 4.04254694
27.94139862 -0.29520097 -5.93911972 4.70782166
28.02742157 0.25106110 -5.81029615 4.15230722
28.06687088 -0.00001685 -5.73811865 3.21874375
28.13551025 -0.14071390 -5.90260143 1.81423597
28.01839676 -0.28748540 -5.86561613 4.02492060
28.16645279 -0.64863774 -5.91425485 3.87946835
28.22910767 -1.03279402 -5.80794993 3.30683889
27.77086334 0.22695276 -5.99997330 3.14229288
27.69970398 -0.00411651 -6.06185398 2.69926047
27.89648094 -0.10128679 -6.13084650 2.15945129
27.84859810 -0.29732087 -5.99379234 3.92671966
27.89373970 -0.66941878 -6.05107441 3.11865974
27.82572250 -1.06391856 -6.02120848 3.13208690
