19.00972748 0.20086035 -8.06510010 4.11440468
18.80684357 0.40783763 -8.03270283 4.19790868
19.00141525 -0.31723081 -8.05883942 4.87996988
18.97093162 0.20460386 -8.21692543 3.84916868
18.88883667 -0.04086299 -8.32639694 3.47555142
18.76594887 -0.24734620 -8.30664597 3.60803442
18.99421272 -0.31827654 -8.16529579 4.02654944
19.00837555 -0.68256714 -8.13834362 4.16052522
19.13196221 -1.04030077 -8.14211884 4.03922214
19.05852280 0.20001240 -7.91157494 2.90924864
19.14062386 -0.06149502 -7.86399813 3.03872671
19.15074082 -0.29367689 -7.82805939 3.27582397
19.00785446 -0.32234833 -7.95056467 3.93170676
18.85159225 -0.65777806 -7.89030295 3.70982017
18.82773018 -1.03876028 -7.86198979 4.31396570
