22.37120438 0.19879274 -5.22068262 3.76553421
22.18429032 0.39483859 -5.18773146 3.95155716
22.39358215 -0.32489840 -5.22238417 4.49633370
22.35090675 0.19570192 -5.37331696 3.50996366
22.35577736 -0.04447844 -5.48002129 3.41397867
22.26748085 -0.11058500 -5.27573900 3.64384718
22.38615188 -0.32086418 -5.32788506 3.63507910
22.40809402 -0.69392074 -5.29346056 4.01005058
22.70360374 -0.93132957 -5.27674227 3.49652319
22.40281334 0.19975547 -5.06730786 2.76041498
22.50277748 -0.02866001 -4.99812641 2.99974208
22.32805176 -0.14365368 -5.02388916 4.18298435
22.40150146 -0.32284131 -5.11618614 3.65852651
22.31547050 -0.69500623 -5.14551697 3.36465511
22.37676773 -1.06263392 -5.14906759 3.78490010
