17.44403839 0.23406199 -8.30267429 5.20235682
17.42043304 0.42113882 -8.14723778 4.55949259
17.41324043 -0.30583581 -8.26682568 5.57386017
17.30306244 0.23717643 -8.31775093 4.53425741
17.23019600 -0.00214786 -8.39748859 4.45332623
17.22916985 -0.07200734 -8.18934441 4.02661896
17.30528259 -0.30010983 -8.25570583 4.37457132
17.31027985 -0.65168953 -8.14457130 4.98972034
17.24221611 -1.02663171 -8.22399139 5.43926954
17.59059906 0.23266447 -8.27114391 3.66054296
17.61115074 -0.01971352 -8.28796959 3.67382383
17.46247101 -0.07370622 -8.15262318 4.16919088
17.52672768 -0.30828619 -8.27871609 4.11262274
17.50909615 -0.65705103 -8.24703407 4.54254007
17.47107887 -1.03746927 -8.36907387 5.10139418
