18.02395134 0.23413626 -6.33050261 3.85043617
17.87233048 0.43713668 -6.30827770 4.12640572
17.98645249 -0.28892385 -6.31470080 4.54274559
18.04657974 0.22927886 -6.49054861 3.62063341
18.14541588 0.01372207 -6.57375355 3.55581208
17.94786835 -0.05212295 -6.49757175 3.00388751
18.00064354 -0.28995182 -6.42045326 3.58710150
17.92709465 -0.65641768 -6.45059252 4.02449665
18.03569259 -1.01873512 -6.42220116 4.10074625
17.99485092 0.23943692 -6.16937037 2.88701649
17.98065529 0.01023855 -6.06900616 3.16200590
17.89455413 -0.01366238 -6.27119398 4.04038534
17.97410850 -0.28715744 -6.21061325 3.70398140
18.01314392 -0.66902154 -6.21485052 3.48408570
18.15099640 -1.02869265 -6.20794859 3.89650331
