21.42452125 0.20201067 -8.93611603 3.88347616
21.29593391 0.40629839 -9.02331600 3.87134771
21.42218933 -0.31608760 -8.91324787 4.53637476
21.51771049 0.19705999 -9.06974182 3.48911614
21.57480507 -0.06692987 -9.09966431 3.46778784
21.57232132 -0.30785092 -9.14867821 2.73567495
21.49679603 -0.31244307 -8.99205971 3.85351992
21.50699081 -0.68616678 -9.00489273 3.75817180
21.62825088 -1.04570070 -8.95641270 3.56048918
21.34031334 0.20819752 -8.79939480 2.75091929
21.31116600 -0.05574913 -8.74929848 2.90978851
21.24797516 -0.27860919 -8.81066990 3.16435318
21.35160370 -0.31898380 -8.83243503 3.78896518
21.26193161 -0.67733745 -8.86150989 3.18133516
21.24140701 -1.06340036 -8.86344642 3.79647927
