12.36161537 0.26702804 -8.96677208 3.67070189
12.20872421 0.46940054 -8.94072132 3.97214346
12.37388134 -0.26405939 -8.95146446 4.54743328
12.34118615 0.26577713 -9.13158989 3.37189216
12.44057427 0.04290210 -9.20678749 3.27581081
12.27286167 0.00248696 -9.06814155 2.72196894
12.36771888 -0.26678094 -9.06070576 3.51336207
12.33762646 -0.64690251 -9.02463894 4.07196560
12.41701298 -1.02759151 -9.02720585 3.62530823
12.36732178 0.26729741 -8.80287704 2.71225519
12.41888390 0.03424120 -8.70583000 3.10604338
12.24800053 -0.07325571 -8.78383217 4.30251956
12.38620224 -0.26400800 -8.84216327 3.78472357
12.41315079 -0.65017710 -8.83705254 3.20689240
12.56952439 -1.01657595 -8.86116447 3.82863121
