14.89417916 0.18589490 -6.99954491 4.02294931
14.77639465 0.37328902 -6.90508613 3.96563955
14.88842850 -0.32863553 -7.01375065 4.60955925
14.80471650 0.18832811 -7.12984219 3.64475513
14.77792778 -0.08290119 -7.16612739 3.57352066
14.73175316 -0.29718390 -7.07661085 2.82790413
14.84959946 -0.32863216 -7.11221695 3.74526262
14.70623226 -0.66197358 -7.15261726 4.08034020
14.68392620 -1.00871806 -7.32671690 3.98500013
14.97891941 0.18392819 -6.86470652 2.86403475
15.03557071 -0.08705080 -6.83817253 3.08344450
14.98337822 -0.31965739 -6.81604128 3.44036007
14.93333931 -0.33281038 -6.91800404 3.82506218
14.85848694 -0.67732995 -6.83449831 3.53245892
14.95820980 -1.05191255 -6.84745159 4.02978029
