25.47717476 0.22593521 -7.83773918 4.02509584
25.58795357 0.47386483 -7.87999782 3.90610819
25.49320755 -0.29606276 -7.82202339 4.57195606
25.51804657 0.24001247 -7.68228998 3.53336592
25.54969559 -0.03698092 -7.64222393 3.57182488
25.62308807 -0.25676768 -7.63414154 2.67074542
25.49399452 -0.29621998 -7.71059380 3.54308133
25.58621826 -0.65395158 -7.68559399 3.58539581
25.49291839 -1.02630648 -7.58212528 3.11057753
25.45312386 0.21367807 -8.00065155 2.93931384
25.42295838 -0.05566257 -8.05914612 2.78928146
25.44598350 -0.29989451 -8.07561130 2.18308582
25.46824303 -0.29866231 -7.92992859 3.75200033
25.47261238 -0.67019934 -7.91605158 3.14447222
25.40435562 -1.05771415 -7.90590582 3.31447801
