13.57713204 0.20738426 -10.10377961 4.18713627
13.54039955 0.40853601 -10.03386650 4.27050495
13.55082436 -0.32694717 -10.09916420 4.92763424
13.55832825 0.20586013 -10.25810337 4.06037788
13.52627220 -0.04110301 -10.31944465 3.67814297
13.41653080 -0.02274582 -10.17610111 3.71756411
13.55705128 -0.32539165 -10.20398274 3.91150284
13.59639129 -0.68982633 -10.20366860 4.49743175
13.84518394 -0.96007858 -10.18315239 4.39135647
13.59826508 0.20485244 -9.94699078 3.05761347
13.67906284 -0.02474642 -9.85080509 3.25800753
13.49238548 -0.09765956 -9.95542965 3.67890149
13.54585286 -0.33105488 -9.99189949 3.86041994
13.48811302 -0.68914554 -10.03790264 4.12008276
13.55504685 -1.05161007 -10.04835358 4.47667055
