21.80396843 0.22419870 -8.85699444 3.77001438
21.94084968 0.42918414 -8.79176998 3.93160992
21.83632584 -0.29606470 -8.83668480 4.63412275
21.70565110 0.22630096 -8.72998524 3.45577259
21.68162766 -0.04675432 -8.68186226 3.41584911
21.71814232 -0.27079590 -8.65513935 2.81122322
21.76593475 -0.29420992 -8.75130482 3.39808040
21.73311767 -0.65472110 -8.69919777 3.91292801
21.53039170 -0.94335360 -8.85166988 3.46985102
21.89390717 0.21753333 -8.99202919 2.72651825
21.94400215 -0.05426474 -9.02344818 2.88531380
21.99908219 -0.27797552 -8.97379246 2.81808529
21.90486641 -0.30499383 -8.92426147 4.03602256
21.92645798 -0.67428085 -8.87799053 3.27230573
21.89815941 -1.05073633 -8.89466610 3.79156170
