26.20407409 0.22461477 -5.62910910 4.03695192
26.27449722 0.43007809 -5.76966658 3.96062670
26.22213288 -0.30411160 -5.66364669 4.48111029
26.30622711 0.22912477 -5.51045742 3.84863496
26.34726486 -0.01560558 -5.44156322 3.44070415
26.41144257 -0.02285141 -5.63554048 3.05665378
26.26553917 -0.30478017 -5.56253681 3.65475941
26.30784645 -0.67928660 -5.63752842 4.12816653
26.14372177 -1.04854379 -5.56899662 3.46068926
26.09812355 0.22229466 -5.74367294 2.78777910
25.99841576 -0.01059199 -5.79277487 2.77395396
26.18308220 -0.08463632 -5.83127107 2.77599325
26.16623726 -0.30142417 -5.75310803 3.86982517
26.24898643 -0.66644971 -5.80956211 3.75821800
26.01644745 -0.99099768 -5.73383388 3.26561270
