20.18782807 0.17748137 -8.19566155 4.27450685
20.06272507 0.36667471 -8.27612248 4.40289564
20.17415619 -0.33439712 -8.19519081 5.02128382
20.16388016 0.18018028 -8.34802360 4.16177978
20.12248382 -0.04432895 -8.46166592 3.44846797
19.91734772 -0.16802512 -8.44804153 3.27962312
20.17132187 -0.33106041 -8.30340805 3.98013482
20.22659874 -0.69412721 -8.34317608 4.28949480
20.42800255 -1.01777176 -8.39951039 4.35980520
20.23517914 0.17719853 -8.04845782 2.96908350
20.30051765 -0.07130314 -7.99909220 3.08587432
20.24595490 -0.28856932 -7.96530600 3.76111774
20.16604767 -0.33754407 -8.08801994 3.98631091
20.04786224 -0.69076243 -8.04914723 3.94663792
20.07071953 -1.06199582 -8.03806476 4.23023596
