13.24351692 0.33111143 -10.06502819 5.22893238
13.15167809 0.49462524 -10.03367996 2.41885352
13.21918488 -0.16611466 -10.01400852 5.01528263
13.18705654 0.31436294 -10.19316864 4.25312662
12.98238182 0.35770538 -10.27590847 4.11065197
12.93435860 0.54392046 -10.11956310 3.88740349
13.20575237 -0.17727169 -10.11676025 4.01014805
13.14276695 -0.59344018 -10.11395454 4.44228697
13.24450493 -0.98321527 -10.11413670 4.15128231
13.28264332 0.34853989 -9.93224049 3.68602586
13.23020554 0.41363826 -9.69931984 3.58773208
13.14357662 0.58667445 -9.79887581 3.78780270
13.23943233 -0.16620283 -9.91008568 4.21018696
13.20127773 -0.59156412 -9.83903980 3.87266254
13.29765129 -0.98108894 -9.76015186 4.21612358
