13.32985180 0.13038547 -6.59534377 5.03049678
13.27782831 0.32346364 -6.70361915 4.35879307
13.34559276 -0.36797168 -6.63806422 5.42974129
13.47884123 0.13882463 -6.64679371 4.68901128
13.58669435 -0.10639622 -6.64479558 4.64349122
13.63950888 -0.32982683 -6.66039639 4.25224125
13.45931771 -0.37574730 -6.67301404 4.62736979
13.43436081 -0.75500511 -6.69656893 5.35317110
13.53590012 -1.06361320 -6.51638470 5.46213011
13.17939907 0.11858642 -6.54370624 3.32607997
13.13334018 -0.14078615 -6.51572234 3.32809291
13.10262899 -0.35466402 -6.63946688 3.93327555
13.22622305 -0.37172924 -6.61705423 4.11491293
13.19031647 -0.71802196 -6.72551861 4.86891648
13.19205460 -1.07822188 -6.60024930 5.54617916
