21.97909317 0.22721900 -9.46010494 3.99698534
22.12012787 0.40001063 -9.40744381 4.11006594
21.99967575 -0.30384059 -9.45708542 5.10658284
21.94824867 0.22463139 -9.29916954 3.90940342
21.82870331 -0.00964431 -9.26039982 3.50430689
22.03053856 -0.12445559 -9.25650769 3.10518999
21.99116936 -0.30772326 -9.35150833 4.12903900
22.16432686 -0.66413913 -9.40466042 4.32758751
22.18738708 -1.04160707 -9.45481167 4.39517469
22.01290283 0.21851463 -9.62271729 3.01933341
22.01985970 -0.02807597 -9.71766281 2.95337582
22.14986153 -0.15454231 -9.61425209 3.33471670
21.99083100 -0.30368945 -9.56252098 3.95610438
21.95003471 -0.68402759 -9.54147015 3.73011976
21.70738182 -0.96077852 -9.50721187 4.43543472
