13.45011711 0.18973391 -10.74625702 4.33294974
13.32092076 0.38488376 -10.64126835 4.26584348
13.45892963 -0.32516826 -10.72723102 5.22449284
13.43752480 0.18770072 -10.90342598 4.18380694
13.45756741 -0.05517529 -11.01297284 3.71788397
13.34834423 -0.20561946 -10.87901421 3.97558484
13.46870994 -0.33291909 -10.83796272 4.27799854
13.46403351 -0.71313828 -10.86102066 4.49153328
13.51615600 -1.07642618 -10.89856415 4.71101732
13.46087036 0.18659114 -10.58829231 3.14505801
13.47099858 -0.06699953 -10.51080532 3.20739169
13.35200520 -0.25805417 -10.52181263 4.03116731
13.45151730 -0.32927663 -10.61817513 4.03042941
13.36706981 -0.69917209 -10.54849567 4.22305255
13.46410160 -1.05277862 -10.47186050 4.99610043
