16.39141693 0.17621887 -2.37699237 4.79286614
16.36334686 0.35841791 -2.55943665 4.07866039
16.36263046 -0.33455035 -2.33350630 5.26998091
16.54942207 0.17329034 -2.32897816 4.32226277
16.59797325 -0.03923264 -2.19267287 4.28710289
16.57564850 -0.14310170 -2.40448475 4.14349914
16.47886581 -0.33704164 -2.29036627 4.42969484
16.54331818 -0.70427353 -2.31320090 5.01891747
16.57868957 -1.02307095 -2.11433778 5.02443037
16.23435020 0.17102533 -2.41427555 3.10339136
16.15751075 -0.06561713 -2.36282821 3.45330534
16.23300667 -0.21796898 -2.50326753 3.93268738
16.24478836 -0.33511902 -2.37180099 4.10729170
16.11878968 -0.69498578 -2.37755084 4.18719196
15.99484863 -1.02510567 -2.25617080 4.68912096
