19.66622467 0.21236161 -4.74738102 4.08912754
19.54859619 0.41850014 -4.84341145 3.87667532
19.63798332 -0.31430281 -4.72636814 4.75014763
19.73445511 0.20787456 -4.88516025 3.63272109
19.72887077 -0.05961956 -4.94096976 3.50016933
19.59009323 -0.23879287 -5.01434002 2.81923027
19.69598885 -0.31392456 -4.81764259 3.89547305
19.73730964 -0.68846615 -4.78751373 4.09169197
19.82810326 -1.06295674 -4.74283619 4.26743726
19.59722710 0.21060366 -4.60434819 2.93190226
19.57214661 -0.04789501 -4.51669770 3.42335286
19.56180038 -0.26580144 -4.46735640 4.46177578
19.58157616 -0.31246554 -4.63604755 3.96972389
19.43163376 -0.66919373 -4.64911537 4.05513982
19.41016007 -1.04685240 -4.57470531 4.02495079
