22.06653786 0.32679480 -3.46060705 4.81179275
22.09183197 0.51323340 -3.62977676 4.23013077
22.05410614 -0.20425299 -3.44490948 5.13789664
22.22048378 0.33346313 -3.47139559 4.42047863
22.30442161 0.09470757 -3.44231806 4.11036024
22.22302933 0.01853706 -3.61328530 3.46733890
22.16712951 -0.19782318 -3.40881429 4.40438652
22.15426521 -0.59878030 -3.38616543 4.62843285
22.02264023 -0.95785839 -3.20769520 4.51578522
21.91445312 0.32028487 -3.45395345 3.04601755
21.82325630 0.10560923 -3.33795147 3.36235914
21.83472328 -0.05181492 -3.51009812 4.60180817
21.94443207 -0.20928194 -3.47898621 4.05872421
22.00297127 -0.60583125 -3.53112364 4.17948894
22.01461678 -1.01872387 -3.46091356 4.42570677
