17.92740021 0.28082445 -11.01006775 4.82001343
17.82420273 0.42601226 -10.87727566 4.00582743
17.94635925 -0.26791218 -10.99980316 5.15255852
17.89637795 0.29927262 -11.14929562 4.45167637
17.94566002 0.15659737 -11.33179646 3.96502982
17.85337028 0.02034700 -11.19463768 3.73219266
17.93290100 -0.27503718 -11.10625801 4.20822621
17.81228485 -0.65906072 -11.11118355 4.50085754
17.79819641 -1.04712472 -11.15900498 4.39312001
17.95098304 0.28112413 -10.86523437 3.31951675
17.98079071 0.08408049 -10.70232162 3.06446705
17.80335007 0.05524718 -10.83331032 3.86562147
17.96683274 -0.26816362 -10.89550400 4.08909969
17.99562264 -0.65015046 -10.86817398 3.91130133
18.17001801 -0.98352032 -10.86869450 4.24244480
