25.96174240 0.21023317 -10.72099495 5.66515923
26.10116577 0.36811462 -10.65413189 4.01091814
25.95005608 -0.31327090 -10.75285149 5.30264664
25.91136551 0.23044039 -10.66423702 5.80002165
25.77511787 0.01949783 -10.75108910 3.31887650
25.79576492 -0.12769394 -10.64525700 3.70646739
25.96421051 -0.32289302 -10.66482830 4.33665562
26.05811501 -0.71317226 -10.72212410 4.77063370
26.09096146 -1.08140111 -10.62167072 4.89616776
25.99333954 0.21420921 -10.78591156 3.73811507
25.82894897 0.03445225 -10.77625370 3.40357876
25.77565765 -0.13810343 -10.65404320 3.53363085
25.94108772 -0.30938688 -10.83623314 4.42808676
26.01535606 -0.72296035 -10.86064529 4.87468767
25.95137787 -1.12928462 -10.93575668 5.29379654
