14.78653221 0.20311779 -10.59660835 4.38086319
14.79863777 0.36255465 -10.40495644 4.03485422
14.77174359 -0.32006238 -10.61609383 4.81276226
14.63955708 0.21699306 -10.53060341 4.08301525
14.51098709 -0.00975595 -10.60766125 3.61281710
14.53563671 -0.23480662 -10.56736279 3.25967298
14.67220192 -0.32029194 -10.56353893 3.79161062
14.70667839 -0.67638752 -10.48824329 4.19119797
14.63878212 -1.04833906 -10.52713356 4.29162579
14.93532868 0.19678986 -10.65086842 2.86531301
14.98940906 -0.04909303 -10.73682556 3.23301115
15.00260830 -0.25634462 -10.64577694 3.28557024
14.86754284 -0.32512897 -10.67786751 3.99958382
14.86173706 -0.68867072 -10.73444786 3.78039551
14.77747440 -1.02973213 -10.90078583 3.94881973
