22.96247902 0.23897713 -5.69853878 4.66259689
22.90504455 0.40747168 -5.79629516 4.07673426
22.96341133 -0.25518593 -5.67850647 4.96741323
23.08759651 0.23326109 -5.79403429 4.14491978
23.24897690 0.05252859 -5.86609764 3.92457056
23.06622353 -0.06549581 -5.83442335 4.08338556
23.04749527 -0.26165995 -5.73952703 4.19071855
23.07377395 -0.66738083 -5.75635624 4.41517639
23.15533715 -1.06222580 -5.72911053 4.17756367
22.81502838 0.23158445 -5.62437878 3.34186688
22.65582962 0.13400908 -5.48907519 4.18905320
22.57538528 -0.01586921 -5.67938480 4.63771286
22.87846718 -0.25560313 -5.61668462 3.82841053
22.75956650 -0.64287919 -5.63578367 3.84831472
22.69767304 -1.03042321 -5.57397814 4.41685209
