12.18412762 0.21849535 -11.71867409 4.03337183
12.14381828 0.35923783 -11.53535519 3.62570062
12.17409363 -0.31051564 -11.75745049 4.52695865
12.06305638 0.23381713 -11.81086330 3.60466346
11.95953941 -0.00288428 -11.87141838 3.32161937
11.85204487 -0.18882072 -11.83949146 2.30794649
12.12952633 -0.31076841 -11.85458336 3.67334538
12.20941219 -0.68860644 -11.85185490 3.79199076
12.32999477 -1.05790384 -11.88180542 3.67539206
12.30132732 0.20789009 -11.61836052 2.71860561
12.34175529 -0.05257907 -11.64640770 3.09040351
12.26142922 -0.26097445 -11.61785107 3.47783146
12.22000217 -0.31947657 -11.66151867 3.74160328
12.09717693 -0.67992109 -11.66538525 3.37841635
12.07874260 -1.06451254 -11.69145431 3.84741282
