13.70600510 0.19030066 -10.40481186 4.16353369
13.75090218 0.35060036 -10.22759914 3.92315292
13.65446949 -0.31359395 -10.39068699 4.56353998
13.58734322 0.21967365 -10.31186295 3.98065925
13.49626350 0.00866296 -10.22700500 3.66111255
13.67086124 0.13882463 -10.12098408 2.59830213
13.57310295 -0.30700341 -10.31574821 3.69862366
13.56227016 -0.67207903 -10.23999596 4.31318092
13.31623173 -0.90228820 -10.36734390 3.72673440
13.82904720 0.17246288 -10.50469971 2.89032006
13.83308220 -0.08097483 -10.58445835 3.13829756
13.85916328 -0.31486884 -10.61389065 3.09277010
13.73703384 -0.32378447 -10.46535873 3.84788918
13.76474190 -0.68842250 -10.42591763 3.73907590
13.70395374 -1.05095434 -10.44482803 3.75099230
