23.50519649 0.22748702 -5.90231490 5.55637442
23.36782749 0.37746032 -5.76257820 4.66722357
23.53695215 -0.29382199 -5.93470719 5.74443987
23.43212051 0.27556159 -6.00484542 4.90310331
23.34840224 0.22731082 -6.22089615 4.63576648
23.31981168 0.16429397 -6.04638652 5.28720917
23.50028468 -0.29581443 -6.02852842 4.72383279
23.42660506 -0.68395835 -6.02427839 4.99591142
23.49258597 -1.05843613 -6.10690108 5.47734827
23.57289706 0.22675146 -5.76705066 3.98777089
23.63780283 -0.00144526 -5.70718415 4.11193434
23.51424653 -0.16105809 -5.70419303 4.64245423
23.58095938 -0.30317496 -5.83967767 4.56687841
23.50080441 -0.69212020 -5.81271597 5.03195053
23.61026987 -1.02573343 -5.78687065 5.53616095
