11.43259449 0.19263896 -10.72085991 4.56681633
11.26775284 0.38722204 -10.63426323 4.57365532
11.44773388 -0.33234640 -10.74195309 5.27302695
11.35297756 0.20688059 -10.85189666 4.55320301
11.31364842 -0.05804281 -10.92619076 4.38157835
11.18525467 -0.25758823 -10.85770760 4.32187176
11.39817753 -0.33245317 -10.83900414 4.31627598
11.30460434 -0.71643733 -10.85208073 4.76739778
11.31108761 -1.08258927 -10.89028625 5.14704256
11.50245800 0.17917675 -10.58453655 3.19852423
11.57091999 -0.08759996 -10.56946583 3.37175369
11.51110153 -0.30386879 -10.51986694 3.78336482
11.50303078 -0.34699404 -10.64978141 4.21669274
11.44170246 -0.73264162 -10.66532993 4.11600361
11.49978066 -1.09728272 -10.67468529 4.71238623
