24.08102036 0.20849946 -9.37603283 4.27809811
24.21583939 0.40340003 -9.39504147 3.79186010
24.04671478 -0.28567475 -9.37250423 4.78698826
24.08081055 0.21781561 -9.21341610 3.83825135
23.96217155 -0.01462406 -9.17327118 3.53629875
23.95129395 -0.23818415 -9.15780163 2.48343778
24.04142189 -0.29071954 -9.26192951 3.93922734
24.17679024 -0.65296960 -9.29438114 3.88739657
24.11915207 -1.05181587 -9.27529526 3.74500203
24.09611511 0.20187362 -9.54625607 2.88721943
24.02566338 -0.04399505 -9.63321018 2.84065032
24.16617966 -0.23094864 -9.65339375 2.18232751
24.03211975 -0.29052222 -9.47834015 4.09352016
23.98566818 -0.67151910 -9.44931889 3.27969885
23.88359261 -1.06255293 -9.41569042 3.50325441
