12.95017605 0.18804775 -7.72188968 4.69902811
12.79094295 0.37108689 -7.75967293 4.62139950
12.96339493 -0.32365783 -7.68833913 5.36103764
12.97845421 0.18130851 -7.86560573 4.25885496
13.05285301 -0.06280173 -7.89507618 3.89435077
12.99909057 -0.29772239 -7.92569380 3.34749365
12.98222618 -0.32947326 -7.78706684 4.36404781
12.86005211 -0.68083843 -7.82473202 4.87253828
12.92305851 -1.03588567 -7.78358241 5.24445839
12.90351315 0.20477028 -7.58277388 3.45777741
12.89485912 -0.04191581 -7.53953199 3.36644044
12.76966152 -0.25087139 -7.57338342 3.40357480
12.94603405 -0.32427692 -7.58800926 4.15760498
12.90547733 -0.70074916 -7.65670538 4.28906126
13.01050358 -1.05887339 -7.67482891 5.05621633
