14.47424679 0.21864110 -10.28774967 4.22444048
14.50968246 0.33183239 -10.07661247 3.34915314
14.46067123 -0.30651097 -10.32789936 4.57021961
14.40579319 0.22560436 -10.16381474 4.53418865
14.41574860 0.00787844 -10.04232884 3.74411001
14.54052276 0.21478804 -10.05076733 2.99507518
14.41088524 -0.30704791 -10.23070221 3.71437402
14.42750569 -0.67864757 -10.24160118 4.11454239
14.32121639 -1.05161083 -10.29227409 3.93180275
14.54524135 0.21159285 -10.42836323 2.86323815
14.55076046 -0.03876481 -10.51808243 3.03167639
14.58744144 -0.26874907 -10.53264008 3.34873476
14.50692139 -0.30546197 -10.42358933 3.86720839
14.57595386 -0.66120302 -10.37810135 3.59607372
14.39726372 -0.98113481 -10.45333939 3.82601957
