10.32350693 0.17761716 -11.57090874 4.44536257
10.28862285 0.37092156 -11.42247352 4.12895193
10.34089832 -0.37101609 -11.58280487 4.97260752
10.19691239 0.18254426 -11.65199127 3.92669278
10.17565231 -0.09399244 -11.69559612 3.61500926
10.18587818 -0.30619181 -11.60710926 3.41887455
10.23400116 -0.37445903 -11.61598244 4.02621440
10.24631805 -0.73830168 -11.49822712 4.72915125
10.23943329 -1.09195223 -11.38471756 4.05470266
10.44677601 0.17039297 -11.48854256 2.84042492
10.49942531 -0.10736192 -11.50121040 3.24404946
10.43782806 -0.31530562 -11.42365913 4.04670000
10.45424194 -0.36939214 -11.56365700 4.12379618
10.46196022 -0.73757649 -11.61082363 4.10011620
10.50102825 -1.05844586 -11.79714927 4.39247914
