17.46586685 0.16750692 -7.42663212 4.58455477
17.63154907 0.35441527 -7.37774544 4.12842522
17.40839119 -0.33390484 -7.42674312 5.30361634
17.42189255 0.17156706 -7.28483371 4.47123175
17.24304046 -0.00955387 -7.26763439 4.09857826
17.43299522 -0.12804372 -7.26287623 3.62007055
17.39650078 -0.33775057 -7.32368107 4.28571892
17.53513336 -0.70150307 -7.33789301 4.77392750
17.27400246 -0.90889543 -7.40290671 5.07320023
17.49836617 0.15368106 -7.57077598 3.13109274
17.39688645 -0.05025871 -7.68929777 3.22387366
17.55063209 -0.18622259 -7.59561863 4.26654815
17.42797318 -0.34123857 -7.52868939 4.09255381
17.51987648 -0.70829030 -7.47378111 4.49917717
17.38384246 -1.03450971 -7.52456226 4.36288386
