23.81718979 0.20029059 -9.25220871 3.87503815
23.96009826 0.37678543 -9.25877285 3.78915310
23.79038200 -0.30804381 -9.22737102 4.88955393
23.78056946 0.21703766 -9.10211983 3.48482161
23.66820679 -0.02864865 -9.06914253 3.39370236
23.65709229 -0.25882076 -9.02563324 2.80031767
23.77330704 -0.31434600 -9.11839981 3.93182330
23.94565316 -0.65932713 -9.11659107 3.79562245
23.96456642 -1.03701802 -9.10666485 3.66748939
23.85165977 0.19155568 -9.40496559 2.63752294
23.82497139 -0.06960151 -9.46695537 2.82657704
23.87349396 -0.29727306 -9.47101707 2.28007431
23.79312172 -0.30961503 -9.33973656 4.16641188
23.78822136 -0.68672708 -9.32615528 3.00446558
23.65305710 -1.05184807 -9.34844398 3.39983626
