13.11430836 0.19845352 -9.48304806 4.03490062
13.17101593 0.33996066 -9.32379493 3.67279710
13.12635116 -0.31758721 -9.48853455 4.46916533
13.03755359 0.17766622 -9.36544190 4.03459735
13.10645523 0.01399113 -9.22270813 3.57777004
13.13866577 0.23972904 -9.27947464 2.77343354
13.05978069 -0.31958237 -9.40406876 3.62792396
12.97995815 -0.71369821 -9.39015407 3.84049158
12.81208096 -1.05491054 -9.44024639 3.64498262
13.17352447 0.20509263 -9.61487121 2.80327449
13.35125542 0.08368130 -9.71266403 3.12259979
13.47367153 0.15790898 -9.55416184 3.68890266
13.18610153 -0.32118727 -9.57670898 3.84243278
13.33162518 -0.70013297 -9.55487308 3.41223950
13.44817714 -1.06100521 -9.56951199 4.04065184
