11.72351017 0.24267451 -6.63485413 4.24756375
11.64016113 0.41328426 -6.75003796 4.19237785
11.69055786 -0.29049741 -6.63495093 4.84780569
11.82060757 0.24749589 -6.75258150 3.93302068
11.97780857 0.05027886 -6.72552185 3.64907999
11.80743694 -0.06949251 -6.80254392 3.27159981
11.72475700 -0.29519959 -6.73418102 3.98066320
11.61033153 -0.66239750 -6.71958084 4.40155020
11.66686916 -1.04279764 -6.67922421 4.19717512
11.63801193 0.24293774 -6.51417503 2.93107681
11.63685474 0.02052873 -6.40513162 2.99975643
11.55246048 -0.06907787 -6.57560491 3.29230938
11.66190510 -0.28639465 -6.53406830 3.79762583
11.69931602 -0.66419746 -6.53749838 3.92799692
11.85221863 -1.00313839 -6.42232847 4.20584602
