24.58315735 0.19208433 -9.34697284 4.26488867
24.51169128 0.33175507 -9.15538139 3.94332905
24.66127472 -0.31608017 -9.39862595 4.57631493
24.46880837 0.20094588 -9.44120827 3.85317240
24.46618958 -0.03457034 -9.56887856 3.34882174
24.36185685 -0.23211616 -9.49552078 2.38046398
24.62423096 -0.32271344 -9.49976712 3.74391818
24.71027298 -0.69860373 -9.46983261 3.66050386
24.93725014 -1.01359513 -9.52729759 3.22472305
24.71487999 0.19067047 -9.26387634 2.85340462
24.84362221 -0.04091399 -9.31588039 3.14554033
24.83707352 -0.26635274 -9.26201992 3.59382906
24.69971161 -0.31656135 -9.30160027 3.74540987
24.55440712 -0.66828811 -9.23260975 3.57384567
24.58172684 -1.05723960 -9.24760780 3.38471398
