25.16657735 0.20138803 -11.01128781 4.54480700
25.00673764 0.39244123 -10.91806365 4.06015211
25.25596120 -0.32389715 -11.04159660 5.22703112
25.10581362 0.20588959 -11.14068857 4.17838744
25.18692810 -0.02212557 -11.23064039 3.53000077
25.23574489 -0.13582629 -11.22299201 3.74603589
25.21541186 -0.32829816 -11.13766111 4.35284472
25.13768079 -0.72964371 -11.06899773 4.40455045
25.17665479 -1.10987018 -11.08117900 3.86044868
25.22597201 0.19725802 -10.88502659 3.08919895
25.33554614 -0.04928257 -10.82068489 2.99613646
25.32557999 -0.26886470 -10.73125937 3.14680874
25.29756816 -0.32244513 -10.94955789 4.11881820
25.28611738 -0.71290847 -10.89503401 3.83281975
25.47340609 -1.05418266 -10.91261049 4.17906934
