11.58716571 0.16007668 -9.37488108 4.93629671
11.47628916 0.29390585 -9.20560573 4.26954757
11.60342604 -0.35036205 -9.38764030 5.04959790
11.44856067 0.17541473 -9.41261444 4.46227979
11.34028111 -0.04095599 -9.41022135 4.11056253
11.49076617 -0.05855653 -9.24316500 3.78137879
11.50929739 -0.35040814 -9.43144061 4.03789631
11.44215462 -0.72204369 -9.40537344 4.55771195
11.37335566 -0.89361592 -9.69713882 4.33442350
11.72617228 0.16407675 -9.32974892 3.37848041
11.90888677 0.00907861 -9.39476817 3.39125085
11.83998573 0.01763548 -9.20425182 3.37766918
11.70132532 -0.35254615 -9.34180654 4.13496850
11.60324604 -0.70847722 -9.21101593 4.10368018
11.53989826 -1.07262075 -9.30556639 4.20986161
