24.33868981 0.23700038 -9.19825134 3.95310460
24.45240898 0.43314789 -9.21270600 3.86018405
24.42188835 -0.27101339 -9.18674888 4.81205731
24.30417214 0.24704081 -9.04268264 3.70357294
24.16531944 0.04220254 -8.98761692 3.44863882
24.34839096 -0.06498502 -8.99681225 2.74566069
24.40265618 -0.27953861 -9.08190041 3.90854139
24.55050201 -0.65126722 -9.11058941 3.95875674
24.51675873 -1.02869780 -9.15171165 3.48911996
24.37761040 0.23203137 -9.35449295 2.79450998
24.37675362 -0.00449362 -9.44151859 2.91038151
24.57107696 -0.02228291 -9.31587276 2.87698436
24.42817040 -0.27318795 -9.29376107 4.08341341
24.38563271 -0.66772739 -9.27569828 2.94388370
24.19002037 -1.02343216 -9.29240341 3.52190671
