12.10242672 0.21589080 -10.54734249 4.20496674
12.07942390 0.37614982 -10.35348320 3.81128244
12.10436535 -0.31077172 -10.60497761 4.55880031
11.96522770 0.23244527 -10.58260555 3.75189891
11.86684647 0.03861823 -10.72219696 3.29214640
11.87159767 -0.12896865 -10.56182766 2.41411209
12.00417404 -0.30446753 -10.64361591 3.72320881
11.93571701 -0.67811304 -10.63620987 3.90273876
11.90704422 -1.06155944 -10.74245891 3.57257676
12.24143123 0.21223840 -10.49988727 2.61438355
12.26694489 -0.03950018 -10.54881897 3.09398193
12.20738029 -0.20705428 -10.40865670 2.90229916
12.21008797 -0.31388137 -10.57113743 3.91726770
12.24770927 -0.68897938 -10.54890804 3.32539363
12.31106815 -1.06487157 -10.63861122 3.81816311
