10.45739880 0.19591664 -12.02685700 4.16636744
10.37538566 0.42745241 -11.95199337 4.16538906
10.41646729 -0.32717478 -12.02299538 4.92493744
10.39429226 0.19437257 -12.16843528 3.66193104
10.37135963 -0.07519044 -12.21489468 3.65532756
10.32259789 -0.28593326 -12.16828461 3.05543051
10.39054985 -0.33574887 -12.12707558 3.93987618
10.41082878 -0.71312603 -12.20268211 4.11008453
10.51836071 -1.07554348 -12.27898731 4.02918739
10.52286148 0.19678314 -11.88598881 2.96501064
10.61670589 -0.05629423 -11.86441498 3.06452975
10.59468345 -0.27302831 -11.80625877 3.69892625
10.45381546 -0.33668481 -11.92179794 3.96193771
10.45397301 -0.71570003 -11.89187450 3.92771120
10.52595768 -1.08806932 -11.81949978 4.19879970
