12.04550305 0.16490224 -9.88240337 4.30430880
12.16550197 0.34414990 -9.77047043 4.28109360
12.04830932 -0.33242780 -9.87181396 4.99175034
11.94347992 0.17719234 -9.77413349 4.33580046
11.89209251 0.04449683 -9.58043594 3.91652250
12.06164226 0.20675061 -9.61033497 3.31425738
11.96368236 -0.33071714 -9.80532418 4.01819573
11.92401676 -0.70466697 -9.81848278 4.76711083
11.70006828 -0.97194408 -9.95747376 4.14116192
12.14397984 0.16426640 -10.00646839 2.89041200
12.17978020 -0.07377468 -10.08698731 3.26638479
12.20389023 -0.31031480 -10.09355011 3.69084292
12.13492489 -0.33827729 -9.94185982 4.07850018
12.20725231 -0.69820273 -9.86793461 3.75429144
12.23917923 -1.06613052 -9.84528446 4.13774128
