19.66344795 0.23066026 -12.46949444 4.28803797
19.58648529 0.40023390 -12.34471798 4.03138685
19.73029213 -0.29323259 -12.47302323 4.73168965
19.56904831 0.23734668 -12.58175430 3.90440474
19.54610786 -0.00246368 -12.64122200 3.78632288
19.49276581 0.03049356 -12.44347286 3.74453421
19.71444053 -0.29334633 -12.56982231 3.91002583
19.86740608 -0.66055799 -12.53755989 4.12895002
20.15284958 -0.91952665 -12.55316353 3.94850054
19.75753365 0.23985881 -12.36052494 2.91105895
19.91963196 0.04503829 -12.37523594 3.08362799
19.83624802 -0.14704374 -12.29414063 3.30373602
19.75264587 -0.29584530 -12.37219219 3.83206997
19.62521896 -0.67297898 -12.41257420 3.44514485
19.61231880 -1.05549667 -12.46061535 3.78627400
