17.29791413 0.23418257 -11.14713249 4.93355399
17.25934067 0.38420852 -10.98458347 4.14862103
17.30782242 -0.29204914 -11.15168705 5.15404072
17.20202179 0.25478702 -11.24217071 4.33630428
17.21946068 0.03127392 -11.29428844 4.18028755
17.19042282 0.04684510 -11.08742962 4.11519527
17.28420410 -0.29883268 -11.24944000 4.16295032
17.36363487 -0.68234597 -11.20614452 4.53685989
17.60179558 -0.99476569 -11.23341903 4.11036883
17.40631942 0.23556623 -11.06158333 3.26757502
17.54424896 0.06393506 -11.14251862 3.28656196
17.41692085 -0.09472631 -11.04486370 3.67885189
17.34342537 -0.29665092 -11.05753861 4.04445381
17.21374168 -0.67216476 -11.06412315 3.94449658
17.25698318 -1.05601025 -11.10099373 4.14342232
