21.66330719 0.21070740 -10.78325767 4.41950808
21.61500397 0.36399388 -10.60312443 3.92863989
21.65629654 -0.30399227 -10.83683452 4.78846445
21.54605637 0.21346577 -10.68765430 3.99609928
21.55998421 -0.03700334 -10.66976661 3.72673120
21.69821624 0.09182693 -10.68508472 2.69759245
21.56503792 -0.30593498 -10.77460155 3.65224686
21.48438301 -0.68624686 -10.76248932 4.14306278
21.24771271 -0.99038130 -10.90790043 3.89064388
21.78701629 0.21389587 -10.86900482 2.91695685
21.83807907 0.01365435 -11.01878433 3.04250240
21.89367180 -0.19365427 -10.93937378 2.88737774
21.74825210 -0.31226843 -10.89808064 4.01048098
21.81268006 -0.68594133 -10.83505516 3.40922766
21.79245300 -1.06126125 -10.90208760 3.59502926
