18.85701772 0.25005592 -10.82653662 4.37848876
18.84694529 0.39745837 -10.65717692 4.01027130
18.91435776 -0.25129763 -10.86662159 4.84186844
18.75436408 0.26143524 -10.91848920 3.82259742
18.72998567 0.05355824 -10.97792386 4.01668833
18.77410237 -0.04277911 -10.83762838 3.88135441
18.88717756 -0.25293442 -10.95998228 4.04149160
18.98723325 -0.64377430 -10.93152229 4.19245352
19.16557368 -0.96812780 -10.97912679 4.02732779
18.96163826 0.25077480 -10.74386430 2.83509163
19.08950442 0.07469428 -10.82723007 3.14157377
18.97150907 -0.04836192 -10.74473547 3.81142964
18.94794052 -0.25694650 -10.77095233 3.87163262
18.84823463 -0.65057122 -10.78195024 3.38974630
18.86429347 -1.01360520 -10.77452186 4.01914072
