11.13590087 0.17880901 -7.17856617 4.83971043
11.06211090 0.39107826 -7.23539572 4.24248781
11.10003509 -0.34999404 -7.19447117 5.68800630
11.16535988 0.17282594 -7.31760893 4.62630625
11.17493629 -0.09817425 -7.36549463 4.49748917
11.10970841 -0.32823141 -7.37278204 4.13468256
11.12577514 -0.34831060 -7.30385484 4.80501614
11.11484317 -0.71541073 -7.35705729 5.18541622
11.23458843 -1.06042674 -7.37071180 5.72692795
11.07580605 0.16953906 -7.05339928 3.44239669
11.06861382 -0.09368407 -6.98686495 3.45489759
11.00457116 -0.32127427 -7.00612822 4.28122797
11.07204551 -0.35518501 -7.08838358 4.41115952
10.95289745 -0.72091624 -7.09853411 4.70383329
10.98044014 -1.08317189 -7.04540291 5.39585743
