12.32028694 0.20224803 -6.82013607 3.79903898
12.19357891 0.41865911 -6.88687086 3.95763993
12.31549282 -0.31615499 -6.84775772 4.44311761
12.40863533 0.20482730 -6.95233793 3.39195347
12.48698979 -0.05074016 -6.96997738 3.40449257
12.43742333 -0.26991528 -7.04415045 2.41534309
12.37298584 -0.31450509 -6.93477173 3.58551579
12.33847713 -0.67677474 -6.99683752 4.08849716
12.46237164 -0.96978830 -6.76741600 3.84623508
12.23233528 0.20045258 -6.68735380 2.79813013
12.22330113 -0.05535629 -6.60375395 2.91062103
12.14242936 -0.27625307 -6.62293568 2.79631033
12.25270119 -0.31898558 -6.76246862 3.70803919
12.22517681 -0.68662112 -6.82189503 3.32526388
12.29936809 -1.06308672 -6.78799133 3.71550350
