12.69744205 0.31450206 -10.18451214 4.10484982
12.65028381 0.46714026 -10.02425575 3.83276320
12.68720722 -0.21025999 -10.25045300 4.64227772
12.58846378 0.34326139 -10.27041626 3.97032189
12.42047501 0.19672938 -10.37385368 3.55245876
12.47156334 0.13593942 -10.16537952 2.93137193
12.62262058 -0.20181555 -10.33434772 3.83277130
12.60574627 -0.61800003 -10.34440613 4.27573299
12.79314041 -0.94529480 -10.51362801 3.81410933
12.81329155 0.30330306 -10.09054279 2.74436665
12.92204285 0.06246812 -10.10215759 3.07800627
12.79370022 -0.12297717 -10.01576900 2.11270404
12.76071739 -0.22503982 -10.17475891 3.94307232
12.72367668 -0.63337100 -10.20862484 3.34036016
12.75546169 -1.02374303 -10.31691837 3.79084969
