14.67341747 0.21293993 -10.56959572 4.47614441
14.64496402 0.37833427 -10.38354664 3.98022156
14.68127270 -0.31882790 -10.59949017 4.76565466
14.52556324 0.21949764 -10.58566246 3.97811566
14.50453109 -0.02564820 -10.69204845 3.79284658
14.53503322 -0.23036293 -10.67525463 3.06387224
14.57028942 -0.32023586 -10.60531006 3.48416386
14.56140213 -0.68314388 -10.56939087 4.19852123
14.56375523 -1.06523676 -10.57642880 4.31550369
14.82017364 0.20951209 -10.55619240 2.83671441
14.88982086 -0.04318165 -10.61027508 3.22664857
14.89112053 -0.26041301 -10.53486405 3.41337829
14.79214821 -0.32104608 -10.60473823 4.01884041
14.78936901 -0.68447841 -10.65733090 3.84760952
14.77009354 -1.00236740 -10.87445145 4.05293103
