23.83541489 0.24756175 -5.76707096 4.56307106
23.62435684 0.41978805 -5.75549297 4.26246796
23.85438499 -0.27613348 -5.72328854 4.90980244
23.89878197 0.25656334 -5.90244847 4.43378830
24.00462303 0.06845446 -6.05261659 3.83813515
23.98972587 -0.02281908 -6.25699682 3.71064482
23.90524941 -0.27530032 -5.81047430 4.04638433
23.91946068 -0.67125343 -5.81828079 4.24264908
24.04324913 -1.03157820 -5.74523869 4.17977161
23.78405838 0.23951011 -5.62395639 3.08797731
23.84620170 0.00726395 -5.49544926 3.17564964
23.79572143 -0.21522848 -5.42801228 3.42431659
23.80130043 -0.27934119 -5.63773689 3.93618698
23.65690957 -0.65299083 -5.67574558 3.72072034
23.70970726 -1.02937425 -5.60621624 4.23385648
