13.00235386 0.21338296 -7.80315747 4.34556137
12.83389419 0.40553767 -7.80218968 4.29125863
12.99869519 -0.30338446 -7.78814911 5.30133968
13.01971802 0.21630758 -7.95704003 4.14285677
13.10772434 -0.01070090 -8.02208918 3.77284931
13.13169464 -0.16729793 -8.02120266 3.30241600
13.02878803 -0.30289393 -7.88666443 4.29711723
13.10053227 -0.67875586 -7.87005921 4.78118734
13.30386639 -1.01143320 -7.84425934 4.60305269
12.97410076 0.21300968 -7.65219107 3.02554321
13.01352279 -0.03306017 -7.59450927 3.36140144
12.87926162 -0.23210476 -7.64053514 3.80093526
12.96882637 -0.30383186 -7.68953207 4.15365425
12.87336338 -0.66998687 -7.71788256 4.07955216
12.95128990 -1.04800383 -7.64947285 4.61596101
