21.84000892 0.22205419 -6.26996670 4.06819439
21.92404022 0.40803863 -6.35449686 3.85377703
21.88111038 -0.28341474 -6.29029922 5.43655920
21.89485474 0.23340103 -6.13289976 3.91699743
21.87503777 -0.01186181 -6.04335108 3.40303912
22.00376052 -0.18263143 -6.11657915 2.64000130
21.91670150 -0.29214015 -6.19218483 4.40095940
22.02830925 -0.67973522 -6.25539379 4.59357948
22.02914276 -1.05245416 -6.28865270 4.52818346
21.79248657 0.21570237 -6.41089869 2.84786797
21.74126282 -0.02891757 -6.48875446 2.87072782
21.86095924 -0.20054822 -6.56959133 3.16522016
21.85050164 -0.28524230 -6.39003611 4.22763300
21.80447082 -0.68021902 -6.39737549 4.22917085
21.58232002 -0.97643692 -6.35725212 4.77345457
