23.42042427 0.23963291 -7.23451948 4.46719885
23.50214768 0.41007259 -7.39018850 4.16070175
23.35548058 -0.28239956 -7.19165907 4.84512101
23.56527138 0.23159785 -7.16772547 4.06651706
23.63733025 -0.02159018 -7.12067652 3.73578186
23.64215775 -0.23715226 -7.22645369 3.69737649
23.45686684 -0.28426952 -7.13654728 4.08047647
23.45303726 -0.66284696 -7.19068260 4.54327650
23.34369278 -1.02659559 -7.11884060 4.26095314
23.27520180 0.24406466 -7.30896368 2.98661108
23.12337265 0.03711641 -7.27535391 3.21936788
23.18946724 -0.18069256 -7.33392906 4.15265589
23.25401573 -0.28125144 -7.23824978 4.10362882
23.28074875 -0.65839890 -7.31568604 3.80130186
23.13853226 -0.91337874 -7.07573414 4.17416458
