10.90730648 0.18901523 -7.06668596 4.05987702
10.74194203 0.36338991 -7.16036177 3.92674160
10.97582302 -0.33541856 -7.04176540 4.31332149
11.04004383 0.20751148 -7.14947300 3.46785631
11.11064453 -0.05583707 -7.14916668 3.34125733
11.07077713 -0.29041904 -7.19329614 2.61934080
11.06237088 -0.33534879 -7.10200920 3.50190420
11.05938206 -0.69887301 -7.17885294 3.89997873
11.13899555 -1.06973004 -7.19328013 3.32678223
10.79602089 0.17638460 -6.95827770 2.63964686
10.74409924 -0.08487138 -6.90071926 2.82726564
10.66417637 -0.31951861 -6.92177200 2.35111494
10.89103622 -0.33653871 -6.97625427 3.75740042
10.89367619 -0.70636599 -7.03435049 3.23111133
10.92588501 -1.07847378 -7.01149254 3.65649853
