13.72689133 0.12423389 -8.14814987 3.99088307
13.95175781 0.26562567 -8.19158821 3.94364696
13.57342491 -0.36618300 -8.12831039 4.48690738
13.71525574 0.14852346 -8.00414772 3.81671701
13.52709351 0.02720551 -7.89903631 3.75885444
13.42125187 -0.13963475 -7.84482479 2.98443618
13.57012978 -0.36399191 -8.02128391 3.56957765
13.72782879 -0.70607979 -8.02827816 4.22816162
13.42578716 -0.89896395 -8.03419809 3.86170559
13.75092773 0.10456941 -8.29574661 2.87878561
13.79834614 -0.13331874 -8.37958584 2.92455625
13.93636818 -0.26865477 -8.32489490 3.54040432
13.56618977 -0.36436598 -8.23596210 3.78645077
13.55514774 -0.73791767 -8.24064064 3.67274542
13.34074688 -1.05072565 -8.24901619 3.80462232
