10.27838135 0.19719249 -11.24714127 4.33666659
10.23025303 0.42061781 -11.13827286 4.17972431
10.23980751 -0.35302575 -11.21757240 4.95256328
10.19266281 0.19804458 -11.37730617 3.75804119
10.18836689 -0.07365681 -11.41112461 3.66254740
10.15680656 -0.30896288 -11.37789021 3.09805036
10.20077114 -0.35901236 -11.31723938 3.99580155
10.20827599 -0.71900994 -11.35959396 4.38731232
10.24787254 -1.09218512 -11.36955757 4.11466980
10.36259002 0.19466186 -11.12003403 2.90241694
10.40603027 -0.07925024 -11.09217625 3.00676541
10.35611725 -0.31678572 -11.05772591 3.00450721
10.28831653 -0.36009469 -11.12106934 3.92488794
10.30702038 -0.72311106 -11.14092541 3.89493418
10.38717899 -1.08862393 -11.12647686 4.11334725
