20.63515778 0.23440495 -9.76313362 3.82227244
20.76194610 0.41508654 -9.86853600 3.75724425
20.64886360 -0.28624479 -9.82281265 4.74327211
20.66143952 0.23060657 -9.60137081 3.58846874
20.68119964 -0.04401939 -9.57701740 3.47086153
20.84163094 -0.23791082 -9.62086258 2.95859194
20.62731705 -0.29900425 -9.71683045 3.70757513
20.58439903 -0.67536612 -9.72056084 3.86911254
20.46465645 -1.03215623 -9.76548252 3.85790682
20.59463959 0.24187713 -9.92200718 2.67455415
20.50225869 -0.01181442 -10.01001262 3.01132131
20.45161094 -0.23721625 -10.09195957 3.14129414
20.65005379 -0.28490865 -9.92996006 3.90455647
20.75937118 -0.64985231 -9.91593475 3.45597978
20.81305580 -1.03132851 -9.89877319 3.79145927
