9.43513680 0.07277206 -7.34727764 4.39568710
9.26846027 0.26668295 -7.47659397 4.04580784
9.54891014 -0.38238943 -7.23014545 4.92552471
9.55254459 0.07484183 -7.45081568 3.98106050
9.66229057 -0.16525614 -7.46906281 3.69730735
9.71327591 -0.39386114 -7.52018356 3.02531147
9.59010887 -0.38658261 -7.32530022 3.93091011
9.34521484 -0.64512765 -7.50573111 4.72290993
9.30207253 -1.03182399 -7.46402359 3.90669727
9.32914448 0.08172685 -7.22811699 3.14197850
9.31388092 -0.15743397 -7.12730837 3.06191158
9.20455170 -0.35750866 -7.20479488 3.49342346
9.50297451 -0.37703180 -7.13533974 3.92625332
9.49232483 -0.74689019 -7.11273193 4.18636036
9.70421219 -1.04861236 -6.94844437 4.34377193
