23.61911087 0.13945431 -9.17067326 4.95348491
23.82062727 0.23959219 -9.02155206 3.79163235
23.46115346 -0.27383159 -9.38446898 5.49186322
23.52979235 0.10739691 -9.05101910 4.56603281
23.34293306 -0.09099116 -9.13614404 4.19222604
23.33279556 -0.30032337 -9.14752137 4.36980611
23.38954986 -0.28591919 -9.29805454 4.37206604
23.51489095 -0.61807504 -9.20058294 5.14504669
23.42719089 -0.96186090 -9.26878166 4.72698277
23.68961939 0.16570577 -9.29691547 3.76981334
23.63926042 0.03313540 -9.53516235 3.48618299
23.69026304 -0.08867826 -9.69522469 4.06777751
23.52871928 -0.27167704 -9.47152410 4.28017952
23.69917995 -0.60212135 -9.39461817 4.40135943
23.78576360 -0.96535750 -9.38327503 4.42420613
