5.85412884 0.21601011 -8.85898934 3.59773512
5.77964420 0.42581564 -8.71906852 3.67886105
5.86326027 -0.32043388 -8.81627922 4.35224733
5.71445846 0.20792732 -8.94640923 3.29576802
5.62169705 -0.04763804 -8.96412983 2.98406915
5.52542791 -0.19470430 -8.81793823 2.17668447
5.76936264 -0.31881343 -8.86751785 3.42292953
5.71962089 -0.68465069 -8.77619037 3.55958585
5.80109015 -1.05378506 -8.86762066 3.27546454
6.00059557 0.22003830 -8.77508621 2.59737959
6.01604853 -0.02135467 -8.61883755 2.84973373
5.82439566 -0.05384803 -8.53694878 1.83665877
5.95963421 -0.31892265 -8.76077251 3.49249072
5.90388327 -0.69086628 -8.64952030 2.92047630
6.05329590 -1.04094661 -8.72294292 3.22028990
