22.48257218 0.16574840 -10.80349236 4.11140299
22.66520538 0.33620749 -10.77852440 3.91282663
22.54039230 -0.33187878 -10.85287781 5.01209803
22.40372238 0.15076290 -10.66210575 3.95951700
22.28310814 -0.07438893 -10.60831375 3.42205453
22.47736664 -0.20262681 -10.61395474 3.13615661
22.51062394 -0.34005750 -10.75407181 4.06142140
22.68498993 -0.67839763 -10.76176300 4.61946335
22.63403359 -1.01839862 -10.86233711 3.93321438
22.55851097 0.17742346 -10.94618511 3.16768274
22.70827446 -0.02578148 -11.03907204 3.16620960
22.89280243 -0.18493345 -11.07210712 3.41720076
22.56811829 -0.32415235 -10.95316773 3.97812719
22.67234917 -0.68470725 -10.93437843 3.98614764
22.33939858 -0.83494119 -11.01866531 4.08476119
