8.50504971 0.25548023 -9.28864670 3.84243631
8.45990372 0.45745844 -9.45365334 3.63875127
8.46750832 -0.27292073 -9.27383232 4.33290768
8.63863564 0.26049182 -9.39346600 3.64762235
8.80939293 0.04073180 -9.41005325 3.13368773
8.76937294 -0.17336784 -9.53664207 2.40309763
8.50350761 -0.27575922 -9.37308121 3.67492557
8.34601116 -0.65184975 -9.31805706 3.62008452
8.28657913 -1.03254104 -9.20796680 2.73129272
8.37716007 0.24945429 -9.17302704 2.45299888
8.26241589 0.00073535 -9.13811684 2.67980123
8.19921970 -0.14221694 -9.33411789 2.29504943
8.43029022 -0.27040377 -9.17527294 3.78260517
8.41123772 -0.67688167 -9.20681477 3.06329226
8.77061558 -0.85248345 -9.28932953 3.29499960
