15.31453743 0.23606712 -9.03857555 4.52072983
15.20705166 0.44893975 -9.00822926 4.21849327
15.34144516 -0.25122899 -9.03963489 5.05220060
15.30604401 0.24918740 -9.19125614 4.12719545
15.33071155 0.05054285 -9.35008049 3.63794322
15.22799663 -0.08710963 -9.21511497 3.26815162
15.35830212 -0.25211960 -9.14462662 3.94300433
15.44531422 -0.64131932 -9.13107109 4.43018589
15.63257103 -0.98524511 -9.16200256 4.36570664
15.32329960 0.23039586 -8.88225670 3.23632846
15.43382187 0.00286074 -8.80570430 3.47341275
15.46926479 -0.21766559 -8.75294227 4.20404244
15.32435894 -0.25191687 -8.93397465 4.00301929
15.18268947 -0.62095177 -8.91453953 3.84432402
15.18321858 -1.01970561 -8.87271004 4.36244392
