11.33749462 0.22257187 -6.30069590 4.99608902
11.25520557 0.44036793 -6.39106785 4.45220510
11.33552124 -0.27421673 -6.28450514 5.49961197
11.40240463 0.21777118 -6.43044186 4.68099318
11.42492287 -0.03637148 -6.47975950 4.41885010
11.37459706 -0.24895816 -6.54451182 3.99313862
11.38865460 -0.28502502 -6.38034882 4.68310060
11.31598225 -0.65828170 -6.39008669 5.48099385
11.40177498 -1.02406461 -6.42408726 5.43996180
11.27651375 0.22074960 -6.16689710 3.54776836
11.24971565 -0.03920601 -6.10804127 3.43291086
11.21803322 -0.26660182 -6.12898951 4.08484075
11.27957989 -0.27357837 -6.19173463 4.36047493
11.21436543 -0.64466225 -6.26704923 4.74313080
11.31467342 -0.99413464 -6.21218212 5.22956818
