18.58300590 0.24684935 -6.79624347 3.74964394
18.74657097 0.46142781 -6.80639200 4.10050192
18.57570228 -0.26140570 -6.80183792 4.66956634
18.53520279 0.23750307 -6.64146318 3.73456516
18.47282867 -0.02084001 -6.58346863 3.49424892
18.49131355 -0.25962642 -6.54663038 3.44054485
18.56366844 -0.26364212 -6.69550572 3.78310132
18.71946297 -0.61862879 -6.66653738 3.94078111
18.71312103 -0.99898543 -6.67475310 4.04909954
18.62447014 0.25286651 -6.95407934 2.79357137
18.68233986 -0.00780587 -7.01157942 3.02337962
18.80597725 -0.20826832 -6.98041763 3.26818953
18.57610664 -0.26100579 -6.91014766 3.81176929
18.54220199 -0.64111386 -6.86785813 3.33486290
18.42386933 -1.01204478 -6.85061884 4.10491085
