26.25426102 0.16252897 -8.39418239 4.28857650
26.29498749 0.33582321 -8.20055428 4.01805716
26.32326165 -0.35442395 -8.53243580 5.36082945
26.09615822 0.15385729 -8.38416710 3.97992353
26.02191658 -0.12599505 -8.45296326 4.05405960
26.00111313 -0.32956285 -8.30904103 3.72582059
26.21483918 -0.35897992 -8.53821716 4.25125323
26.23466225 -0.72114080 -8.43740616 4.73476801
26.23356475 -1.08013460 -8.59998226 4.23981223
26.40972404 0.16818449 -8.38832359 3.08805428
26.48250465 -0.10641074 -8.46272107 3.76535378
26.50279236 -0.32872843 -8.35465241 4.16257172
26.43778649 -0.34851446 -8.54676419 4.10502605
26.52092285 -0.71002479 -8.42453365 4.92322912
26.80431404 -1.05602102 -8.66898308 4.86861877
