9.07690582 0.55284033 -8.56880817 4.51303158
8.96555081 0.74916183 -8.48188915 4.10475707
9.02290230 0.06406783 -8.54416676 4.89110070
9.03416271 0.52737164 -8.71993962 3.94899721
9.07752800 0.27569599 -8.82467003 3.51277094
8.91667938 0.09686681 -8.89281635 3.04094696
9.02551594 0.05077720 -8.65321293 4.00003977
8.96519432 -0.36000785 -8.68038768 4.26639557
9.04417591 -0.77202044 -8.67651500 4.10156574
9.12124768 0.57896268 -8.41809158 3.31400876
9.12893352 0.42085795 -8.43382549 5.36838284
8.96925774 0.25546010 -8.46633644 5.39163971
9.01686859 0.06892640 -8.43587513 3.94197597
8.85376568 -0.31039549 -8.43215809 4.22341470
9.16991711 -0.47079567 -8.48639412 4.31251860
