16.46002807 0.10922371 -9.39236622 4.40347939
16.42370910 0.27419177 -9.25673904 4.05761718
16.51564445 -0.36329987 -9.45337925 4.91019173
16.30686417 0.09695113 -9.43193969 3.93687877
16.21534043 -0.12815308 -9.42581768 3.65684629
16.23665390 -0.25881861 -9.25766907 2.95661817
16.41852074 -0.36400783 -9.50383758 4.07573967
16.25770302 -0.69993593 -9.37373162 4.42973471
16.32420349 -1.04840607 -9.52126351 4.15118971
16.61286125 0.13201899 -9.37358532 3.06799617
16.75222435 -0.07531691 -9.41269207 3.22795286
16.74805145 -0.21658248 -9.22911053 4.12207861
16.61695443 -0.36831014 -9.40982036 4.00075483
16.42748108 -0.68562346 -9.20468406 3.97289391
16.50276032 -1.02686993 -9.33371391 4.13532066
