23.60533676 0.09605020 -9.18056772 4.77367395
23.80693859 0.21719422 -9.05820172 3.81007454
23.44810141 -0.31310147 -9.37679235 5.40351220
23.52389054 0.06721305 -9.05693675 4.40187613
23.39566858 -0.15198221 -9.10689082 4.01326396
23.40804607 -0.36321373 -9.12117795 3.91083721
23.38476971 -0.32328912 -9.28893862 4.28425173
23.53097636 -0.63668791 -9.16503221 5.01991534
23.43321993 -0.97839231 -9.25607341 4.48728902
23.67732246 0.11706565 -9.30725018 3.57516259
23.65157941 -0.04443641 -9.51252060 3.43028119
23.71251759 -0.19472259 -9.64395324 3.99130240
23.50637470 -0.31080077 -9.46670468 4.16935209
23.71456214 -0.61351962 -9.37776684 4.32940971
23.80538808 -0.97766866 -9.37800203 4.36174747
