6.47405453 0.21658457 -9.94373608 3.89283247
6.39890833 0.46495403 -9.83933296 3.73831758
6.43682804 -0.29790755 -9.89432468 4.62277336
6.38755178 0.21211464 -10.08669853 3.57779618
6.34568491 -0.03595535 -10.14728622 3.55954180
6.16830816 -0.07275211 -9.94703369 2.80388293
6.38403683 -0.29863071 -9.98620567 3.71405372
6.26231251 -0.67241949 -9.92885856 4.00501681
6.29978342 -1.03900140 -9.99825115 3.84773312
6.55453263 0.21368378 -9.79764519 2.82011976
6.62043667 -0.02859210 -9.67834263 3.06451397
6.48027706 -0.17538515 -9.59255581 2.41013617
6.49522896 -0.30155727 -9.80308247 3.82693749
6.38040123 -0.67569774 -9.75438881 3.43351665
6.48846932 -1.01531344 -9.88526287 3.79129734
