18.34711075 0.22847384 -10.12649727 4.01370859
18.50779533 0.43782124 -10.05804062 4.04389763
18.37414169 -0.29474935 -10.10276222 4.90512562
18.28442001 0.23133275 -9.97227478 3.92465734
18.24260330 -0.02249420 -9.90225983 3.41260624
18.43367386 -0.16465588 -9.88110161 3.21816969
18.33456230 -0.28897929 -10.00199604 4.01715565
18.42947006 -0.62289232 -9.90258217 4.52718639
18.18500710 -0.89541203 -9.95886421 4.19661903
18.40190887 0.22153351 -10.28394699 3.04340005
18.39731979 -0.03625099 -10.36733150 3.13040948
18.47448921 -0.25014204 -10.35097790 3.49852037
18.40776062 -0.30195746 -10.20390034 3.90658569
18.51170921 -0.65005797 -10.15670300 3.93264914
18.52329254 -1.01912177 -10.16559696 4.14941645
