15.68064690 0.15143065 -11.65659695 4.07854385
15.58441524 0.33037356 -11.50508118 3.84013004
15.77674351 -0.33335632 -11.69557857 4.49113626
15.59270020 0.14667034 -11.78753204 3.66645245
15.61548977 -0.09588494 -11.90862732 3.61341939
15.58085652 -0.32980902 -11.85823517 3.12222299
15.73114948 -0.33438811 -11.79267311 3.63163419
15.65670395 -0.69858681 -11.77434769 4.13985767
15.80026093 -1.03463571 -11.82130375 3.95073357
15.77296410 0.15245924 -11.52706128 2.84436993
15.92338295 -0.07594729 -11.50309506 3.13280315
15.95635891 -0.29410932 -11.44853687 3.40915766
15.82977009 -0.33811973 -11.60463829 3.90074177
15.81082554 -0.71188060 -11.62098732 3.70569420
16.14236469 -0.82275607 -11.75600338 3.94951038
