29.02002716 0.19084793 -11.84286862 4.10403786
28.80486107 0.34501305 -11.86009312 4.00006237
29.02125435 -0.36228504 -11.83882790 4.76373520
29.00572624 0.19165223 -11.99146347 3.41110220
28.90027886 -0.03742481 -12.09969330 3.59770460
28.80041542 -0.04713113 -11.90730362 2.50211906
28.98709793 -0.35717448 -11.93946037 3.70727281
28.88692245 -0.72838607 -11.90812893 4.31913462
29.16843453 -0.98724201 -11.97345734 3.44212666
29.04635162 0.19484660 -11.69120979 2.88652306
28.94720955 -0.04732488 -11.63896732 3.08970284
28.74881401 -0.06792529 -11.79814301 3.71656432
29.05199509 -0.36717460 -11.73918419 3.82636638
28.99801636 -0.74125200 -11.78603439 3.55678744
29.11450501 -1.10305075 -11.86062756 3.76504593
