11.24483567 0.14742374 -12.19101258 3.76000347
11.50544663 0.31314049 -12.20970192 3.60624209
11.08614769 -0.35616147 -12.26888886 4.41981878
11.21249371 0.13487338 -12.03165054 3.45743494
11.12753029 -0.11091273 -11.95538292 3.26408272
11.24370708 -0.30862028 -12.01142369 2.59746695
11.07404766 -0.36405901 -12.16095810 3.61935215
11.10267754 -0.73332875 -12.21930924 4.04605909
10.91122779 -1.06527321 -12.28396587 3.56796980
11.28050842 0.14693843 -12.34881077 2.78379865
11.30875893 -0.09328323 -12.49395466 3.05080142
11.50391349 -0.21849818 -12.59292679 3.60211850
11.08471794 -0.35262720 -12.37849159 3.74890303
11.10398540 -0.72754130 -12.35981216 3.53879528
10.77824764 -0.91981149 -12.36001339 3.54805021
