14.41509705 0.23510706 -7.71615715 3.82353049
14.63744488 0.42748940 -7.72698717 3.89482422
14.41287842 -0.27956463 -7.74081612 4.62663660
14.34886245 0.23259224 -7.56838570 3.62324514
14.27522221 -0.03568036 -7.52523966 3.37308654
14.27925357 -0.27554879 -7.49016180 2.94953723
14.38558006 -0.28531458 -7.63445301 3.76756573
14.54349861 -0.63867281 -7.57696085 4.19473372
14.60505581 -1.02824469 -7.55788994 4.08522196
14.47400131 0.23270902 -7.86694756 2.84823174
14.55776310 -0.03683773 -7.92468748 3.02717952
14.68580227 -0.24680092 -7.91351719 3.09681139
14.42521153 -0.27689271 -7.85015097 3.85320377
14.38745060 -0.66202180 -7.85026236 3.45998783
14.25981579 -1.02675691 -7.87755556 3.96750669
