23.67841927 0.19155545 -8.70629890 4.32245543
23.78197883 0.38307873 -8.87940105 4.04475547
23.62104041 -0.31921166 -8.71656410 5.10224060
23.75242241 0.19768099 -8.56151322 4.28843596
23.64782921 -0.02297273 -8.43726883 3.66848008
23.75336128 -0.21179560 -8.51639767 3.26901439
23.64713798 -0.32681486 -8.61158348 4.22089500
23.75299676 -0.69138243 -8.72623302 4.86595371
23.49667541 -0.86577330 -8.65543182 4.73773260
23.60377518 0.19293740 -8.85356686 3.21212265
23.49556427 -0.03014035 -8.92108345 3.20779025
23.59588562 -0.20465606 -9.04623974 3.52256219
23.58741699 -0.31380090 -8.81639825 3.95758381
23.60419830 -0.68850919 -8.81136722 4.03048732
23.43001968 -1.01985796 -8.74924957 4.06951528
