21.63256493 0.26344761 -9.26544762 4.03963995
21.75992851 0.45129016 -9.12596608 4.20210275
21.69598160 -0.27121940 -9.24925365 4.98085518
21.58529854 0.26487786 -9.11264057 3.85678149
21.62097245 0.00526358 -9.03375378 3.54949193
21.81054993 -0.14549870 -9.07055397 3.07250891
21.67651367 -0.27115744 -9.13619118 3.94184432
21.75523835 -0.62868915 -9.04259319 4.23218508
21.72587280 -1.00700300 -8.98031464 4.21885338
21.67875671 0.26053902 -9.41868649 2.97238827
21.71478424 0.00597759 -9.51820469 3.14383297
21.79613457 -0.21166739 -9.61054573 3.42920695
21.70711327 -0.27374015 -9.36023292 3.95656729
21.74211540 -0.65164282 -9.38885307 3.86548949
21.66598701 -1.02297012 -9.45162105 3.97223759
