9.55684471 0.22143686 -11.57481003 3.78613830
9.44601440 0.44450444 -11.46127701 3.65152860
9.53326035 -0.33681786 -11.53860664 4.46751785
9.44728470 0.21859048 -11.69538784 3.46070743
9.38421249 -0.06703696 -11.70658684 3.39877772
9.34703732 -0.31194511 -11.69603539 2.60180831
9.47005558 -0.33702198 -11.62710762 3.43501163
9.46146679 -0.69324970 -11.58591366 3.88731790
9.51367664 -1.07719433 -11.57824230 3.84814978
9.67767048 0.22427972 -11.46333313 2.61068106
9.67899323 -0.06390782 -11.40734482 2.78607512
9.58532524 -0.27797142 -11.34202671 2.38845062
9.60455608 -0.33885998 -11.45441055 3.86874485
9.62995052 -0.69757193 -11.43353939 3.27329302
9.73510742 -1.05467474 -11.56631947 3.57639217
