9.76121674 0.24526972 -11.96029358 3.81438246
9.77656555 0.46874531 -11.80068207 3.85894031
9.76522407 -0.30266977 -11.93731956 4.42365913
9.61082859 0.24299613 -12.00417328 3.43865986
9.49717998 0.00082990 -11.92255440 3.33079719
9.51815300 0.11586795 -11.75199356 2.64643278
9.65334301 -0.30342859 -11.95120125 3.51909480
9.59647274 -0.68142031 -11.94395790 3.79697356
9.56040325 -1.06676214 -11.97143059 3.90357585
9.91799698 0.24396772 -11.92107010 2.74651790
9.90463982 0.01130412 -11.75393028 3.07015977
9.76076736 0.14916553 -11.66622219 2.87069440
9.87766990 -0.30123576 -11.91961594 3.81774211
9.91497307 -0.68322953 -11.89371052 3.56116862
9.98950958 -0.97750857 -12.15184574 3.49968133
