8.26855946 0.28681159 -10.55074120 4.00703573
8.22462845 0.49254256 -10.41902733 3.54564857
8.29516220 -0.25375786 -10.54059887 4.46242857
8.14270878 0.28225666 -10.63059425 3.96609783
7.93525171 0.25578180 -10.41758537 3.63205147
7.91103268 0.43209934 -10.25758553 2.52673888
8.20305061 -0.25321850 -10.59773540 3.48971009
8.15956211 -0.66307729 -10.59427071 3.76857185
8.17298031 -1.06196368 -10.64044380 3.61104918
8.39482498 0.28815106 -10.47102547 2.71386933
8.23091984 0.28848308 -10.21370697 3.05503893
8.09888649 0.48171556 -10.08895683 2.86689305
8.40045834 -0.25559512 -10.49918079 3.84602737
8.46995640 -0.65449810 -10.42439461 3.60611010
8.60937405 -1.02354586 -10.54154205 3.72447586
