7.25180966 0.10407095 -8.82701028 4.74602832
7.35604969 0.27966331 -8.72566388 4.07717597
7.21212273 -0.39691341 -8.86159941 5.09384463
7.13049205 0.10746041 -8.74976368 4.13695348
7.00837568 -0.01557442 -8.82849458 3.94088690
6.98818766 -0.13286836 -8.92593822 3.27607121
7.16041081 -0.38841734 -8.76408813 4.28908431
7.33215214 -0.67928802 -8.57504254 5.04495837
7.26868232 -1.04241967 -8.55693448 4.09590543
7.36427399 0.11352265 -8.91620064 3.15320375
7.43390385 -0.06247660 -9.06077296 3.27499786
7.43610290 -0.12840307 -9.07639974 3.47625898
7.26431656 -0.41095128 -8.96020946 4.28707517
7.27030417 -0.81924867 -8.96836739 4.29905128
7.06222712 -0.93129805 -9.24621576 3.95556784
