10.39498844 0.22565851 -3.06052370 3.88989887
10.24900207 0.42247256 -3.00159306 3.87205372
10.41534577 -0.30574971 -3.06587019 4.47318649
10.33170528 0.23754581 -3.21163168 3.58372459
10.33557072 -0.00613710 -3.33850875 3.35367684
10.29701271 -0.24192095 -3.40919023 2.56605110
10.35968151 -0.30174873 -3.15583229 3.44514389
10.22054710 -0.65981468 -3.07921076 4.11569815
10.20861206 -1.04341657 -3.03625388 3.76408720
10.45895901 0.21321690 -2.90839267 2.81542482
10.43858967 -0.04913112 -2.82924299 2.96138196
10.24781875 -0.21828732 -2.77278791 2.91121320
10.46943245 -0.30637811 -2.97240453 3.71494360
10.51204376 -0.69685648 -3.00999689 3.36036339
10.63835010 -1.06354372 -3.08283262 3.90635595
