16.54607735 0.24747014 -5.12620401 4.18808536
16.47624855 0.41062476 -4.93074703 3.98555832
16.51103249 -0.25451810 -5.14117594 4.81067047
16.47582245 0.25767780 -5.27253189 4.02374563
16.48484955 0.03179874 -5.40798855 3.47594523
16.33233032 -0.13510719 -5.32733717 3.76791029
16.50952492 -0.25915544 -5.24789619 3.88412366
16.61521607 -0.64862771 -5.25020208 4.42295075
16.87268830 -0.91502314 -5.32861709 4.24279394
16.61360474 0.24576773 -4.97616224 2.94237871
16.67544441 -0.00258386 -4.90452576 3.20823498
16.62252197 -0.20027099 -4.78776350 3.46189137
16.51813240 -0.26000062 -5.03658858 3.79931454
16.38787651 -0.63813428 -5.03686142 3.80125074
16.40209846 -1.01209272 -5.05905161 4.26814327
