24.23253059 0.25983182 -10.73802948 4.62841177
24.17139435 0.43563285 -10.59219646 4.07077026
24.26472473 -0.25050133 -10.79666710 4.89540195
24.14405060 0.28181019 -10.86783314 4.06463909
24.17788887 0.06658591 -11.04164028 3.50085998
24.09511375 -0.14119744 -10.94504356 3.13684368
24.19948387 -0.25008512 -10.88463116 3.91840315
24.09226418 -0.62710178 -10.88816357 4.22809696
24.34486771 -0.88760078 -11.06855488 4.06900692
24.32437134 0.24968691 -10.60417652 2.95046711
24.38321304 -0.01487003 -10.55550766 3.19468832
24.28665352 -0.23821242 -10.51365566 3.32259059
24.33633614 -0.25704837 -10.71183395 4.14614916
24.38362122 -0.64342755 -10.72749043 3.70640135
24.57107162 -0.99447054 -10.84330463 3.94251943
