24.34541321 0.30790317 -10.30994797 4.03467035
24.45183754 0.47571129 -10.22917080 3.79101491
24.35243797 -0.19900988 -10.33781719 5.02265930
24.28336716 0.29509407 -10.15808487 3.86868024
24.39567947 0.20249814 -9.92584705 3.58281898
24.57582855 0.33614272 -9.85692596 2.99638414
24.28104973 -0.19955505 -10.25659847 3.91721082
24.15555191 -0.58491898 -10.18570709 4.30335188
23.89465714 -0.90386593 -10.22456646 3.51812053
24.41987610 0.32243145 -10.46085167 2.83745074
24.68355370 0.31383479 -10.56507111 2.93656445
24.66747475 0.47611728 -10.42440796 2.31271005
24.41604233 -0.20676142 -10.42744255 4.08531952
24.54162407 -0.61196828 -10.37069893 3.49904943
24.53250122 -1.03448510 -10.43304539 3.92085886
