7.06579494 0.18622524 -8.34128380 3.75549340
7.09324026 0.39735374 -8.50749588 3.71149111
7.06196213 -0.34112835 -8.35240841 4.73734093
7.22624397 0.19195665 -8.31320190 3.41126347
7.28515816 -0.09066654 -8.29306507 3.26489639
7.31912041 -0.33571956 -8.30879211 2.13274384
7.17120647 -0.33863863 -8.32142448 3.60813093
7.26973915 -0.70281029 -8.29568768 3.68441772
7.28942108 -1.08521867 -8.18451023 3.37123632
6.90166903 0.18060574 -8.36187077 2.55597043
6.81166697 -0.09809031 -8.35057068 2.84531498
6.76477623 -0.34267810 -8.37972736 2.38813829
6.95258617 -0.33821395 -8.37709332 3.71890211
6.86472034 -0.70060116 -8.46298504 3.17797804
6.72489738 -1.06543517 -8.41395664 3.25366831
