6.03558130 0.26614380 -8.73650761 3.97603607
5.86760883 0.40288510 -8.67555084 3.27616768
5.98339205 -0.28038825 -8.74430656 4.37530050
5.97787981 0.28846337 -8.89636688 3.63173556
5.73729534 0.24818052 -8.99265366 3.16938457
5.76946774 0.38475212 -8.81615544 2.76717859
5.95183182 -0.27334695 -8.85025082 3.61404524
5.91091766 -0.65741994 -8.90319977 3.70593953
6.00050659 -1.03305416 -8.96872673 3.41143541
6.09023877 0.23585532 -8.58406601 2.78984857
6.10347100 -0.05112470 -8.50434818 2.89963107
6.05294475 -0.29244011 -8.46280861 3.02458591
6.01321573 -0.28463432 -8.63676758 3.67424278
6.01437035 -0.67323488 -8.62532043 3.29058132
6.08828755 -1.06220367 -8.65280915 3.54154515
