20.98992691 0.13846693 -5.91729107 4.75412244
20.89200363 0.26046648 -5.73927307 4.18365469
21.15757827 -0.33000138 -6.01478033 5.10619574
20.88787690 0.16452005 -6.04359464 4.28890524
20.81217384 -0.06097919 -6.15784931 4.51162734
20.76279068 -0.23792523 -6.02115679 4.66528287
21.14883347 -0.33230525 -6.11678819 3.99841996
21.25760612 -0.71054291 -6.08239527 4.63855591
21.54881058 -0.94757194 -6.15345154 4.32646246
21.08086128 0.11541798 -5.79032669 3.27674913
21.17184143 -0.10242373 -5.67960911 3.16978064
20.96343613 -0.19188215 -5.71355085 3.43607059
21.18438263 -0.32666441 -5.91162491 4.11567335
20.98594628 -0.64334193 -5.77683115 4.27471571
21.12983665 -0.95770071 -5.77004642 4.24161577
