30.14325142 0.19476257 -12.13178062 4.18668795
29.94648743 0.37079909 -12.16058159 4.12210178
30.21483231 -0.34853804 -12.09329414 5.09308815
30.11427116 0.19228254 -12.29150391 3.82713556
30.19654083 -0.06409558 -12.36419773 4.13177347
29.99352074 -0.18757752 -12.24627590 2.73556399
30.16117287 -0.35356379 -12.18667984 4.24079752
30.05237389 -0.74882650 -12.10786152 4.36210823
30.12816048 -1.12117720 -12.13558674 4.00624561
30.19279099 0.20809329 -11.98600960 3.02987170
30.33304977 -0.01014652 -11.87715816 2.92457056
30.18340874 -0.18178505 -11.88632393 3.16669703
30.27734947 -0.35192391 -12.00923729 3.95018649
30.23291779 -0.74315590 -12.01881981 3.88491869
30.59977341 -0.89201188 -12.07319450 3.75811744
