7.00853920 0.17522775 -7.53219738 4.01654530
6.87185841 0.39465748 -7.64854679 3.57449322
7.00178814 -0.34157497 -7.45945196 4.41173363
7.15008573 0.17288456 -7.60307265 3.74416843
7.20687008 -0.10106851 -7.64818201 3.31753927
7.16809759 -0.33809558 -7.72056217 2.39235339
7.10784645 -0.34763322 -7.47724285 3.68343692
7.09149552 -0.72728419 -7.43801031 3.67568655
7.14279842 -1.07009413 -7.26207037 3.27761078
6.87557144 0.18192506 -7.44546489 2.60214262
6.81466360 -0.07247000 -7.34562578 2.66955080
6.76971379 -0.32477078 -7.36159783 2.60303659
6.89435139 -0.33966016 -7.43865471 3.70698914
6.83027840 -0.65602105 -7.66388044 3.25139160
6.83280954 -1.05216331 -7.71997366 3.24778180
