18.68379059 0.23804201 -9.50345649 4.52938881
18.57109909 0.42408174 -9.35645828 4.07851382
18.73922158 -0.27389704 -9.50312214 5.02878284
18.63925934 0.23570381 -9.65755215 4.09059620
18.67770538 -0.01492968 -9.75232506 3.55075226
18.66899414 -0.26146073 -9.77934856 3.05083614
18.69440918 -0.28404072 -9.60368156 3.99211159
18.56144867 -0.66883890 -9.56973457 4.13184643
18.47832222 -1.05122731 -9.58083611 4.09139747
18.73292351 0.24621951 -9.35195637 3.08576164
18.76849632 0.00547426 -9.23327808 3.10906601
18.71478310 -0.19548940 -9.11083584 3.40850520
18.78392906 -0.27250049 -9.40776463 4.19047442
18.85748329 -0.66765375 -9.42049751 3.92947273
19.05095673 -0.99360075 -9.47005215 4.16481609
