23.57328033 0.04662621 -10.57425461 3.99504799
23.75041198 0.24001156 -10.52976494 4.08293562
23.53664474 -0.42429484 -10.62256088 5.16341953
23.49497795 0.04684016 -10.43876362 3.90441041
23.48901520 -0.18209646 -10.32289772 3.52087383
23.71826019 -0.17501293 -10.38633213 3.53937664
23.50453987 -0.43311960 -10.52044201 4.34006844
23.80737228 -0.61629139 -10.36067486 4.43275442
23.72207336 -0.99506009 -10.43666744 3.96164327
23.65048180 0.04680019 -10.70950871 2.98659101
23.71123962 -0.18187034 -10.77780190 3.19404025
23.82812576 -0.20730020 -10.56251983 3.39945488
23.56715164 -0.41750176 -10.72683201 4.02734480
23.82674675 -0.65889430 -10.58954640 4.16545467
23.85379868 -1.02468214 -10.61768227 4.40473270
