27.42642479 0.27025323 -9.97458019 4.27525549
27.46612854 0.47617229 -9.84055671 4.34030809
27.47043457 -0.21983857 -9.99630394 4.63283729
27.26826096 0.27154246 -9.94767151 3.87427554
27.20373840 0.01093364 -9.98835354 3.76482076
27.20538178 -0.20214790 -9.89178104 2.94845343
27.37230454 -0.23375167 -9.96403980 3.58355923
27.43457909 -0.62059279 -9.90081940 4.22994499
27.47910538 -1.01159859 -9.93005390 3.38825288
27.56771889 0.26785898 -10.01095696 3.38078122
27.69606781 0.01730136 -10.01630573 3.27335729
27.75273476 -0.21448752 -9.98469467 3.02787261
27.56819344 -0.21514372 -10.03394279 3.77821536
27.66433258 -0.59410060 -9.92904777 4.11235542
27.77852631 -0.96199962 -10.00647201 3.83252554
