22.29836350 0.24698055 -9.57829742 4.19224701
22.47645645 0.43445887 -9.50996914 4.05665341
22.34503479 -0.25468492 -9.61519928 4.86321154
22.23918762 0.22093704 -9.42700310 4.06476163
22.26545449 -0.02556682 -9.32767143 3.61152601
22.37935486 -0.22406316 -9.27053184 3.10830727
22.29113579 -0.26249909 -9.52027855 3.77532339
22.27086487 -0.64726665 -9.52135811 4.15126915
22.17914505 -1.00781047 -9.58118171 4.11029930
22.34891625 0.27182548 -9.73507939 3.02386609
22.34604340 0.02739720 -9.86271057 3.09855032
22.38744087 -0.19069121 -9.94335919 3.28344870
22.38922348 -0.25199011 -9.71498928 3.90976515
22.56583901 -0.60105102 -9.66778488 3.74962244
22.62142563 -0.98420039 -9.64045696 4.04952526
