9.99224777 0.12984472 -8.67186127 3.77893295
10.25780678 0.25955128 -8.69231301 3.79052849
9.82466850 -0.35932238 -8.70195999 4.42773180
9.94794655 0.14258075 -8.52061710 3.46534672
9.74687767 -0.04105067 -8.46124020 3.22401943
9.76103688 -0.25294593 -8.36523686 2.58762026
9.80132408 -0.36052524 -8.59904213 3.68718729
9.93584213 -0.72505371 -8.59868374 4.30501890
9.57503643 -0.76251860 -8.65228901 3.38300523
10.02637577 0.11306829 -8.82618103 2.79897713
10.00267544 -0.14563970 -8.90476761 3.05548463
10.23308907 -0.27492590 -8.87174053 3.48330059
9.84126797 -0.35721449 -8.80988254 3.69105635
9.96248703 -0.73228701 -8.84716167 3.55586204
9.79623185 -1.06024780 -8.94011441 3.59289636
