7.07445107 0.15390758 -8.32023373 3.81485243
7.10370378 0.36399407 -8.48219033 3.80332546
7.06944084 -0.37626371 -8.33886471 4.61430073
7.24662781 0.16047589 -8.30451508 3.53091249
7.28962154 -0.11191501 -8.23224849 3.29860292
7.30430536 -0.35374984 -8.17038670 2.04363775
7.18207188 -0.37759341 -8.30255794 3.70200968
7.27255030 -0.74386662 -8.34595280 3.81401925
7.28773536 -1.10738935 -8.19161759 3.11131572
6.90482673 0.14975305 -8.35283260 2.55284285
6.79243726 -0.12342818 -8.37243557 2.82235370
6.70060825 -0.36713418 -8.40852013 2.52573023
6.95711565 -0.37082765 -8.35982723 3.70064754
6.86846895 -0.72672687 -8.49043178 3.14484668
6.71064225 -1.07035360 -8.43966313 3.38531079
