22.26305924 0.13473098 -9.81507645 4.11136188
22.37789879 0.30946570 -9.70679493 3.99848996
22.15213432 -0.35976574 -9.86226520 5.18907376
22.20750923 0.13908837 -9.65741101 3.93028689
22.03630486 -0.08924507 -9.64984379 3.75489144
22.06322708 -0.30784011 -9.60599156 3.44388494
22.12220916 -0.35524474 -9.75565624 4.21524181
22.26811562 -0.66744940 -9.62001667 4.38580236
22.21170578 -1.04268257 -9.56255074 4.38424978
22.31343918 0.11715100 -9.97271900 2.93170142
22.31299820 -0.13802678 -10.06699887 2.93736906
22.46087876 -0.24612267 -9.93624993 3.51923795
22.16135979 -0.36274504 -9.97155704 3.98850655
22.15580253 -0.72469252 -10.12526436 4.05782986
22.08269310 -1.06492822 -10.31105804 4.66160106
