20.63904953 0.19557243 -10.99950523 4.15248194
20.57766571 0.39917266 -10.82841644 4.02044706
20.64427185 -0.32792563 -10.98683891 4.85370445
20.48401641 0.20002349 -11.06983185 3.78821869
20.40092240 -0.06162565 -11.09426136 3.40687370
20.41385231 -0.23136429 -10.92546120 3.08358789
20.53787155 -0.32808356 -11.02207489 3.82331266
20.49321213 -0.69089505 -10.93317261 4.21008377
20.52578888 -1.03546043 -11.07968006 3.59180975
20.79878693 0.19332072 -10.94187508 2.85663338
20.92767678 -0.06174773 -10.91150284 3.14728260
20.99836883 -0.28093761 -10.82073154 3.14457393
20.75616188 -0.32864621 -10.95176468 4.06862936
20.92454185 -0.67013970 -10.84185924 3.59407239
21.08690376 -1.02137909 -10.85047302 3.90725117
