19.62163467 0.22220461 -6.90296335 4.08960800
19.80551033 0.39016918 -6.95747556 4.42465744
19.65009804 -0.28623597 -6.91382685 4.98835392
19.64709168 0.23476576 -6.74529038 3.96595821
19.66557427 -0.01744913 -6.65601788 3.71846204
19.79219666 -0.21653231 -6.61862268 3.26916489
19.64015083 -0.28940633 -6.80337257 4.01291547
19.66450653 -0.67524595 -6.79555998 4.75205584
19.37478447 -0.88830914 -6.74961872 4.62687969
19.61589813 0.21147240 -7.06577663 3.12432351
19.58112983 -0.05065875 -7.14507752 3.31244115
19.55302697 -0.29602374 -7.16525803 3.86249414
19.64508018 -0.28798041 -7.02541323 3.94648547
19.75746231 -0.65950533 -7.00557947 3.78402052
19.77304992 -1.03239482 -6.97358513 4.38533907
