7.13398867 0.23402003 -9.32449779 3.62546330
7.00940314 0.44727610 -9.20459576 3.59541926
7.12682876 -0.29470723 -9.31249237 4.34074822
7.05400591 0.22193768 -9.47065392 3.13920360
7.02806272 -0.04810271 -9.54370136 2.91705885
6.98734617 -0.28723636 -9.50400925 2.30342665
7.10087261 -0.29508853 -9.42043419 3.36477051
7.09214401 -0.67476102 -9.40030041 3.67236528
7.19308529 -1.05779779 -9.46094837 3.19329223
7.21598368 0.23927697 -9.18215122 2.64153781
7.29957018 -0.02017255 -9.12459354 2.99213929
7.16569805 -0.19324606 -9.02787857 2.29698172
7.15999527 -0.29639178 -9.20815773 3.64275818
7.09050045 -0.66354854 -9.18270206 3.05231805
7.10700760 -1.05505355 -9.19718838 3.48213487
