8.21990818 0.20053631 -8.19969715 4.81720517
8.35786470 0.38673151 -8.08243109 4.41436549
8.14753045 -0.29438395 -8.29843508 5.33645616
8.12360055 0.19282393 -8.08408342 4.34243402
8.09232513 -0.05972371 -8.04201594 4.16445995
8.26898283 -0.13846516 -7.93551195 3.63559273
8.09402669 -0.29585197 -8.19284837 4.19944544
8.20455967 -0.66741831 -8.12986802 5.08747058
8.16073068 -1.04592744 -8.06788770 4.59070523
8.30593971 0.20862151 -8.32179858 3.39492487
8.33501471 -0.02202867 -8.42034331 3.45630518
8.42462111 -0.07461048 -8.27753221 5.25730173
8.19810956 -0.29118753 -8.40252637 4.10094339
8.18543801 -0.67867840 -8.38063444 4.36831678
7.98783059 -0.96917100 -8.50271406 4.59169109
