9.72514133 0.29865934 -2.70347476 4.62932282
9.79991340 0.43950940 -2.84623299 3.34065857
9.73668289 -0.25268844 -2.70392918 4.86656218
9.83521061 0.29551946 -2.59565821 4.04453645
10.00722885 0.48313462 -2.60076313 3.84508820
9.79310112 0.58321772 -2.62027411 3.85422631
9.81228142 -0.26121350 -2.62795815 3.95529518
9.83671093 -0.68185572 -2.63504691 4.27885599
9.77852630 -1.09344959 -2.57631321 3.83525576
9.60466824 0.30930123 -2.78403892 3.12972326
9.63212490 0.49317752 -2.96996603 3.56618719
9.53755970 0.58836836 -2.81357617 4.10101080
9.64028568 -0.24883448 -2.76111312 4.19353781
9.62297459 -0.69354585 -2.75493045 3.79579182
9.53479919 -1.07769170 -2.61406431 3.77707949
