6.84568901 0.16229700 -9.41998959 4.35892573
7.02874212 0.34298169 -9.39867630 3.80283356
6.74022284 -0.34211799 -9.38672943 4.95256405
6.81902008 0.18059005 -9.26851806 3.93660936
6.69914580 -0.03003794 -9.15192280 3.52026749
6.72823734 -0.23586330 -9.04420090 3.18590407
6.74222241 -0.34139738 -9.27560463 4.03267822
6.88416528 -0.68133358 -9.13725776 4.38260279
6.71381197 -1.02892511 -9.11034584 3.82787390
6.86783943 0.13923301 -9.56695080 3.10447540
6.85564155 -0.12661990 -9.65379982 3.14680414
6.97172489 -0.34814472 -9.63683739 4.07896414
6.73615761 -0.34964558 -9.49613266 4.08636546
6.77143335 -0.74048291 -9.57672139 3.72749634
6.54278774 -1.04214942 -9.69777202 3.95438556
