6.95934868 0.16260666 -7.59014797 4.08093357
6.85444927 0.38012490 -7.71652317 3.69613552
6.95036602 -0.35288459 -7.54862547 4.74984741
7.09378958 0.15922843 -7.66871023 3.73895049
7.14034367 -0.11454633 -7.72554827 3.51249337
7.09478712 -0.34988183 -7.81795597 2.90935683
7.05693245 -0.35803714 -7.56298923 3.89707160
7.05897522 -0.73061013 -7.47234678 3.94095564
7.12444782 -1.06143343 -7.23555899 3.47955418
6.82981110 0.17184323 -7.49789715 2.64741468
6.78522253 -0.09402832 -7.39507341 2.61927366
6.73068333 -0.33960652 -7.45907021 2.75443888
6.84542370 -0.34865254 -7.51998138 3.71006703
6.80201912 -0.66558969 -7.75785780 3.40296841
6.81558275 -1.06459284 -7.79166937 3.67926049
