24.58715172 0.11217088 -12.37139092 4.60340405
24.57537002 0.29699060 -12.19889946 3.97052584
24.58685608 -0.39851873 -12.47696457 5.05587406
24.46318436 0.10301684 -12.28113880 4.22167263
24.53210106 -0.11565645 -12.12805367 4.28192949
24.71892014 -0.02090524 -12.00497017 3.31772928
24.48847770 -0.39891665 -12.41661587 4.13172569
24.52549476 -0.75370109 -12.26419888 5.05410156
24.47739067 -1.08542090 -12.41296139 4.19485359
24.71946030 0.11544839 -12.45312119 3.14439893
24.84722404 -0.06834185 -12.30768471 3.61146436
24.87396431 0.01467646 -12.13060703 3.56841221
24.68868637 -0.39747537 -12.52865791 4.14917736
24.72733421 -0.74948054 -12.32928715 3.91640806
24.67092629 -1.08734374 -12.51384277 4.23247309
