19.71030388 0.25027743 -9.61053066 4.57179393
19.59461975 0.45203000 -9.48129311 3.96329527
19.76319885 -0.26938684 -9.58549633 4.77281294
19.61228638 0.22109837 -9.72831459 4.24058408
19.60540657 -0.04582902 -9.80653572 3.58054962
19.62744179 -0.29036953 -9.84054089 3.20459241
19.72077408 -0.28081162 -9.68232270 3.82947035
19.65680771 -0.66268631 -9.66025219 4.45329676
19.75428925 -1.02495775 -9.65312481 4.49399748
19.81900597 0.27097685 -9.49973335 3.16573525
20.02217865 0.11202255 -9.41428089 2.96443291
20.17494240 -0.05513396 -9.34718685 3.26006212
19.80667153 -0.26885975 -9.49134960 4.04280310
19.70614128 -0.64136033 -9.43182735 3.87208953
19.97342529 -0.87372476 -9.54054070 4.04949732
