11.43210106 0.14862955 -4.31900959 4.08236327
11.65060616 0.32647739 -4.26319266 3.92306332
11.35832863 -0.36338336 -4.21577854 4.48299208
11.29382171 0.16308932 -4.26948872 3.57691564
11.17519588 -0.06528377 -4.23658314 3.45318785
11.24661694 0.00009631 -4.02097492 3.18227515
11.28208580 -0.34962273 -4.13969135 3.91480384
11.42444801 -0.67875185 -3.93469443 4.00199308
11.33744335 -1.03884254 -3.85304780 3.88100061
11.57302055 0.12115108 -4.35794506 2.94908972
11.57284928 -0.08775132 -4.22522908 3.14494257
11.48243694 0.00703684 -4.06308766 3.53727870
11.42883949 -0.38060705 -4.29590044 3.92761040
11.32264080 -0.75205716 -4.16589985 3.44747734
11.05474415 -1.02204669 -4.26063099 3.65382905
