21.33194351 0.22329816 -9.95639420 4.45813036
21.57105446 0.40258744 -9.93078327 4.34875727
21.29552650 -0.29031935 -10.00129986 5.28100920
21.34509468 0.22078173 -9.79199314 4.32913685
21.33815193 -0.04181344 -9.69477844 3.90021992
21.43455315 -0.25107831 -9.63210487 3.65683031
21.25932503 -0.29248831 -9.89428711 4.21550941
21.17342377 -0.68088394 -9.92369080 4.54447460
21.02425766 -0.98871833 -10.02543640 4.40660858
21.30863762 0.23567674 -10.11833382 3.14459038
21.23723030 -0.00401822 -10.24100780 3.40762591
21.21025085 -0.22178744 -10.31245708 4.09512663
21.32896996 -0.30193099 -10.10512829 4.15990686
21.50633240 -0.66898304 -10.03722477 4.15939617
21.62063980 -1.03483009 -9.99316502 4.43712282
