11.38267288 0.19541856 -3.37644396 4.00192523
11.29717712 0.33851608 -3.16529150 3.78291216
11.42832088 -0.32097832 -3.39444952 4.61862841
11.24080047 0.19526166 -3.47329512 3.71180611
11.15679760 -0.03284325 -3.59042449 3.25795369
11.05936451 -0.16364034 -3.42227525 2.91000275
11.34947567 -0.31806179 -3.47011333 3.78764858
11.24781723 -0.67966093 -3.40509710 4.42883444
11.41661796 -0.98352280 -3.58857865 3.76953731
11.52524414 0.19178964 -3.28413620 2.80087209
11.61460915 -0.05866577 -3.30986157 2.97425881
11.56774063 -0.27654593 -3.25256338 3.35045057
11.49579544 -0.32719404 -3.30752335 3.81943474
11.32282238 -0.67869639 -3.24874301 3.48485155
11.36054020 -1.05563502 -3.33209023 3.83386364
