16.46497650 0.16206597 -11.22754307 4.03478499
16.59704590 0.36115280 -11.16231918 4.15310678
16.39149856 -0.34242162 -11.15653572 4.78515063
16.41443672 0.18385313 -11.07481690 3.85325007
16.29928017 -0.03713976 -11.01190700 3.42925305
16.52306481 -0.07751584 -10.93017521 2.83967080
16.35425606 -0.33120974 -11.05956707 3.71570253
16.42901573 -0.68164785 -10.97640057 4.49356594
16.09088326 -0.78499775 -11.05267563 4.03645859
16.51003266 0.13000235 -11.38184452 2.97873254
16.48596725 -0.11029451 -11.47567024 3.07584701
16.64070053 -0.27233934 -11.45398178 3.48939724
16.42238655 -0.35838619 -11.25274582 4.11458797
16.48092461 -0.71624907 -11.10881309 3.88827724
16.35395927 -1.04243364 -10.98246765 3.81261306
