24.11905098 0.23434386 -9.11959743 4.10580492
24.06351852 0.43505147 -8.99762535 4.16378403
24.12658882 -0.27547002 -9.12429619 4.71561337
24.02949905 0.22492713 -9.23851013 3.70536900
24.08178139 -0.01700480 -9.36245537 3.29900956
24.09184837 -0.26568571 -9.45345497 1.90916002
24.06282425 -0.27795738 -9.21091080 3.74246669
23.96966553 -0.65725166 -9.16140652 4.01017809
23.92581367 -1.05428362 -9.10779476 3.14889526
24.21464348 0.24156542 -8.99673367 2.89245653
24.22146034 -0.00335844 -8.88042068 2.93144512
23.97762299 -0.04898207 -8.81815434 2.94145322
24.19808769 -0.27459016 -9.04738712 4.13901520
24.21986961 -0.67118472 -9.11664963 3.28383064
24.42961502 -0.99585456 -9.28368187 3.51938272
