8.69849205 0.22845617 -6.43417454 3.68620157
8.65955925 0.44358549 -6.58156300 3.52257419
8.66614723 -0.30211484 -6.41195965 4.39656115
8.86306477 0.22991647 -6.43689632 3.25721979
8.88711166 -0.05390086 -6.45430326 3.25038910
8.87736893 -0.27890214 -6.54426432 2.56613374
8.78118992 -0.30656055 -6.40070963 3.39062166
8.75655937 -0.69324630 -6.40839243 3.91175318
8.70344925 -1.06586277 -6.37469482 3.18750453
8.53806305 0.22708650 -6.40969181 2.58521414
8.45236492 -0.04753369 -6.39899778 2.78211975
8.39823341 -0.29153189 -6.45965338 2.28364372
8.55233288 -0.30176944 -6.41468048 3.66778541
8.46712017 -0.67792720 -6.44872475 2.97742605
8.41510391 -1.03708625 -6.34843588 3.43771791
