12.02932262 0.23150384 -5.84952497 3.78569174
12.04246712 0.42440388 -5.68588161 3.76736498
12.03237915 -0.29312620 -5.89139128 4.52358246
11.86009216 0.22298607 -5.84006262 3.48965549
11.78741360 -0.05013996 -5.86447096 3.39490843
11.73109627 -0.29019549 -5.85549212 2.86403394
11.91878128 -0.29712886 -5.89044380 3.63814282
11.90779400 -0.68599856 -5.91143894 3.94687247
11.88817024 -1.05581152 -5.99566650 3.80476618
12.20054340 0.23751852 -5.86709881 2.76538157
12.24169636 -0.04317217 -5.93349504 2.99079704
12.29210854 -0.28123197 -5.99347019 3.25477600
12.14910889 -0.29521483 -5.89497566 3.69875550
12.25273037 -0.66107780 -5.83360624 3.42980719
12.30865288 -1.04870999 -5.82690716 3.88853931
