6.61959076 0.18963708 -6.74274349 3.62906933
6.62394619 0.37840846 -6.94885397 3.38544846
6.60549831 -0.34303987 -6.72950745 4.58678341
6.77993011 0.18554026 -6.70867157 3.36764288
6.81101274 -0.09616387 -6.63401651 3.12100554
6.85910082 -0.34107897 -6.65216541 1.98453200
6.71228409 -0.34847692 -6.70874023 3.61064291
6.84857941 -0.70535886 -6.80315113 4.13893461
6.88040113 -1.07637680 -6.72232533 3.85892963
6.45844984 0.19497138 -6.79169750 2.58862782
6.34449768 -0.07550681 -6.77915144 2.77738190
6.23965597 -0.31484351 -6.83667517 2.80800152
6.49282455 -0.33871523 -6.74382544 3.54897237
6.47253895 -0.71979862 -6.81742954 3.32013345
6.46159887 -1.09671855 -6.69652128 3.79501677
