24.65918732 0.26110646 -12.41489792 4.29609537
24.57208633 0.48749578 -12.35010910 4.22703123
24.65375137 -0.27988714 -12.39237118 4.88310909
24.63833237 0.25800800 -12.57880306 3.71724725
24.59562683 -0.02515263 -12.61805248 3.44473529
24.48665047 -0.26982090 -12.62318325 2.97194004
24.61274719 -0.28293100 -12.49067879 3.91082096
24.47127151 -0.63186246 -12.43989468 4.11439896
24.69180489 -0.92558360 -12.49524117 2.82185936
24.68971252 0.26071164 -12.25135803 2.94650626
24.69891548 -0.01531338 -12.16660023 3.06708765
24.63573265 -0.26707149 -12.13487911 2.75237370
24.69483376 -0.28044653 -12.29523182 4.21745348
24.65939140 -0.66889721 -12.32351780 3.77831411
24.72117043 -1.03776371 -12.38302326 3.80536079
