23.67385865 0.13889139 -11.95551834 4.47863388
23.62609368 0.31392757 -12.10088463 4.05161819
23.61622963 -0.37196470 -11.91920853 4.90254164
23.82484055 0.14513887 -11.96994705 3.98288650
23.93637848 0.00504513 -12.17116279 3.64795761
23.77389260 0.11472019 -12.32687645 2.86206327
23.73625145 -0.37228185 -11.92439518 4.06937036
23.82994232 -0.73634938 -11.99325218 4.87866612
23.69812317 -1.04794033 -11.81681080 3.69127874
23.53402672 0.14359459 -11.93277569 2.83212462
23.39650803 -0.07923233 -11.98461838 3.16764260
23.41222038 -0.04716142 -12.24087029 3.21874819
23.50570297 -0.36722379 -11.93835239 4.20243006
23.46700249 -0.74194678 -12.08736706 3.79288640
23.27285538 -0.92452727 -11.83371983 3.28338232
