28.32003784 0.23041489 -13.08015938 4.31476164
28.34598770 0.39385949 -12.91379700 3.88218403
28.36718674 -0.31829428 -13.11228161 4.92160454
28.15082245 0.22761425 -13.04027043 3.89260235
28.14787941 -0.07164432 -12.99881783 3.85666814
28.21154404 -0.30420583 -12.93024311 2.87642341
28.25442009 -0.32704765 -13.06787376 3.82265377
28.36145477 -0.71011156 -13.04015561 4.10062322
28.43340759 -1.10487337 -13.04304962 3.58630724
28.49069824 0.22848967 -13.12846680 2.70501023
28.55710526 -0.05293619 -13.12939167 3.14922028
28.62784347 -0.27975514 -13.01834927 3.31208220
28.47923661 -0.31020678 -13.15607491 3.92481428
28.53046074 -0.70347206 -13.13675499 3.82401238
28.39333153 -1.04260783 -13.35174179 3.72239570
