27.81444893 0.23977811 -7.02344189 4.29698525
27.88086472 0.46297179 -7.13046017 3.95575323
27.83293991 -0.28252759 -7.01002121 4.59599552
27.91600838 0.25572939 -6.90540428 3.77522325
27.90631104 -0.00226073 -6.83850813 3.24395947
28.00402679 -0.09637071 -7.04638500 2.21567574
27.89790802 -0.28183406 -6.92720499 3.91223669
28.00195580 -0.67586426 -6.98038426 4.12806568
27.84913826 -1.01145580 -6.78772717 3.04551248
27.72063561 0.21970253 -7.15301513 2.95429077
27.67392883 -0.02416492 -7.27214632 3.02404938
27.88252106 -0.04226458 -7.37422295 2.25619092
27.75555344 -0.28870393 -7.08517589 3.91984339
27.79431572 -0.69228564 -7.12362375 3.30570035
27.69938698 -1.06835673 -7.04098625 3.38254667
