10.64356651 0.20463253 -4.05097446 3.62283716
10.76208935 0.40770203 -4.09659967 4.02800178
10.67645321 -0.29495325 -4.07812939 4.45012483
10.70205650 0.20666614 -3.89831095 3.58937521
10.81257610 -0.04834128 -3.88612375 3.42378974
10.99250698 -0.18246397 -4.00093651 3.12766280
10.67128144 -0.29995359 -3.97389555 3.63574238
10.61262131 -0.69236301 -3.97327442 4.12965984
10.34596577 -0.95724598 -4.00730791 3.44334464
10.58641853 0.19651921 -4.20489235 2.77153097
10.52177391 -0.06674215 -4.26192885 2.98253932
10.46174736 -0.30720397 -4.32126322 2.61902580
10.66415882 -0.29495538 -4.18087377 3.77515669
10.78054390 -0.68601739 -4.15225553 3.34359717
10.83646641 -1.06935761 -4.11392117 3.73907390
