22.84260177 0.10472407 -8.00634556 4.36348161
22.57199288 0.18835792 -7.92125797 3.47338643
23.09011764 -0.31467981 -8.12971878 4.80849009
22.79092674 0.10291437 -8.14792614 4.08722539
22.81640930 -0.18789730 -8.25287972 3.59341197
22.75420952 -0.44325491 -8.22421017 3.29530211
23.05878258 -0.31555755 -8.22866669 4.09765405
22.86839180 -0.67162648 -8.20462856 4.06842823
22.95579872 -1.03755026 -8.29004154 3.30210438
22.90434112 0.09815415 -7.87119217 2.92099996
22.98195534 -0.18137783 -7.81769409 2.87031999
23.03186264 -0.43810198 -7.75658150 2.34442925
23.12320175 -0.31987911 -8.03146057 4.03598409
22.99276466 -0.68242221 -7.94040670 3.63631530
23.01240120 -1.06073265 -7.97523756 3.64756479
