13.07905788 0.23137131 -9.16544743 3.97219820
13.05871487 0.40378371 -9.00103760 3.85073652
13.07911930 -0.29447040 -9.18700772 4.75899401
12.92170696 0.24592588 -9.15398140 3.58690009
12.86787949 -0.01368327 -9.14276695 3.34630351
13.01168366 -0.14831202 -9.00257073 2.91567116
12.96519222 -0.29400909 -9.19376297 3.83231740
12.93532925 -0.67366930 -9.17496929 4.24620409
12.99535732 -1.02951841 -9.34831581 3.85839758
13.23754883 0.21972183 -9.17455673 2.69354859
13.29113236 -0.04067972 -9.22334824 3.11978392
13.33761635 -0.27761760 -9.17823334 3.29990382
13.19363308 -0.29872574 -9.17582379 3.98186321
13.29391709 -0.65141000 -9.06946812 3.68945522
13.37671757 -1.02619217 -9.12384853 4.07821293
