6.61111889 0.27625189 -9.10709839 4.90184336
6.53670979 0.51365330 -9.09441547 3.80155563
6.55237274 -0.25687834 -9.08407059 5.17143316
6.62190809 0.27052599 -9.26212540 4.07987318
6.48458853 0.14226143 -9.43947696 3.68662891
6.40314178 0.32349624 -9.37360497 3.08180666
6.55656328 -0.26165892 -9.19751168 4.24479599
6.44684353 -0.65283078 -9.20473156 4.38724757
6.52027721 -1.02928021 -9.15977516 3.91960683
6.59269715 0.28330040 -8.94703026 3.13955550
6.33451700 0.25554258 -8.86603622 3.00853486
6.28035622 0.47111116 -8.96979332 3.72542434
6.55541849 -0.25160419 -8.97038460 4.06822205
6.45084724 -0.59239860 -8.81364040 4.12172456
6.52460623 -0.97219034 -8.73130588 4.59826670
