22.08427315 0.15359127 -7.06521730 4.62024517
22.24203339 0.32121809 -7.13904333 4.52777901
22.03000336 -0.32473556 -7.04630442 5.43238201
22.13590850 0.16609384 -6.92352114 4.41382628
22.12104149 -0.08824068 -6.83997755 4.16297607
22.17195663 -0.31761944 -6.85307713 4.14330397
22.05003433 -0.32946412 -6.93842163 4.29240513
22.10856323 -0.70174171 -6.98736982 5.17594891
21.84051247 -0.91918070 -7.00339031 5.31506176
22.04759522 0.13968804 -7.20746355 3.53297777
22.02800026 -0.11442477 -7.29432354 3.58054285
22.02699509 -0.34710461 -7.34493255 4.22917375
22.00165100 -0.32986963 -7.14843464 4.32226467
22.09814263 -0.70510341 -7.11843958 4.74549503
21.99336052 -1.01201210 -7.05735435 5.11576528
