6.71047392 0.21923014 -6.72341051 3.61303138
6.90490274 0.39469410 -6.75870438 3.56414681
6.67073660 -0.32398638 -6.71191997 4.43962440
6.81758938 0.21755210 -6.60637798 3.17059594
6.82291307 -0.06695176 -6.55028086 3.07529917
6.86993304 -0.30991366 -6.57048121 2.15115676
6.73354225 -0.32177247 -6.62284251 3.60041046
6.80722646 -0.70860773 -6.55309172 3.66725378
6.84963026 -1.08256960 -6.43159160 3.26638198
6.60367212 0.22183955 -6.84925289 2.44152584
6.53339577 -0.05386137 -6.91377382 2.62688642
6.58422156 -0.29285899 -6.95216322 2.12489615
6.58850231 -0.32343772 -6.79128742 3.70727835
6.51730251 -0.69724395 -6.85110893 3.21892014
6.44562731 -1.07152548 -6.86299124 3.28152218
