12.10895844 0.23127119 -5.86629734 3.68926096
12.17304878 0.44438174 -5.74164314 3.97391119
12.10450020 -0.29192548 -5.89895096 4.45635872
11.96240540 0.22735183 -5.79287357 3.48875809
11.93660851 -0.05559359 -5.75644579 3.34238539
11.98821469 -0.27658840 -5.65806561 2.96967187
11.99476853 -0.29323349 -5.87205152 3.62049160
11.95873184 -0.68304445 -5.89358063 3.87884407
11.90790462 -1.04966014 -5.97752599 3.74438142
12.25729923 0.23351902 -5.93847790 2.68891602
12.32240982 -0.04706109 -5.94359264 3.15273400
12.39059162 -0.24617327 -5.78957453 2.93073315
12.21296158 -0.29413871 -5.92838793 3.76775127
12.25725613 -0.67893913 -5.87579499 3.41529761
12.28609581 -1.05519953 -5.85248852 3.66778722
