26.14289017 0.19805110 -12.61897049 4.55458031
26.17233810 0.40617074 -12.46524887 4.11980042
26.09873695 -0.32721738 -12.65296154 4.98430500
26.03390884 0.21329903 -12.51177731 3.95231114
26.00414772 -0.06674557 -12.49031696 3.54148255
26.11259422 -0.27438593 -12.40536328 2.99573321
26.01744766 -0.32809274 -12.57105598 4.06723247
25.99591026 -0.70445798 -12.55654107 4.31373816
25.81152305 -1.00724747 -12.63721352 4.03716450
26.25230255 0.19055284 -12.72876034 2.97336016
26.27813759 -0.06734580 -12.82700291 3.25957818
26.32576905 -0.30644236 -12.87706147 3.40584150
26.18190460 -0.32784962 -12.73566990 3.99976697
26.25727653 -0.68650580 -12.67872792 3.74488401
26.26089630 -1.07670636 -12.69306469 4.17254801
