10.41906586 0.21904503 -6.53002491 4.20277872
10.25511055 0.42679005 -6.44736443 4.42613926
10.38224735 -0.29609922 -6.51931525 4.94611988
10.36334000 0.21965871 -6.67921924 4.06149121
10.32785988 -0.04323587 -6.76023579 3.72447409
10.23376847 -0.28095706 -6.74821854 3.33881960
10.34972458 -0.29816082 -6.61610260 3.92327166
10.26940289 -0.68943634 -6.56321173 4.38881531
10.31001568 -1.06632066 -6.52186651 4.51622791
10.48440170 0.22136782 -6.37896070 3.05708938
10.47764302 -0.04192406 -6.29661026 3.11099906
10.38513298 -0.26139721 -6.23221931 2.98656407
10.41995697 -0.30073396 -6.42154636 3.89071031
10.42660885 -0.69562537 -6.44509611 3.92368088
10.59855213 -1.02581184 -6.56241865 4.30351791
