12.78426533 0.23105512 -8.40110664 3.73616681
12.82141056 0.40833901 -8.21680260 3.87142768
12.79048691 -0.29406301 -8.43330536 4.52483302
12.65677433 0.22739800 -8.30293789 3.37891168
12.61022663 -0.05366950 -8.31061078 3.29408846
12.63549232 -0.29016627 -8.24680271 2.69585953
12.71621647 -0.29542868 -8.35801030 3.70668383
12.80068150 -0.65003994 -8.24198341 4.02267123
12.71564808 -1.03200972 -8.29345798 3.77253466
12.91829643 0.23282827 -8.49021302 2.67147670
12.99309215 -0.03538639 -8.54333744 3.07239203
13.04720611 -0.26511153 -8.47672501 2.96712322
12.86515045 -0.29470237 -8.50971279 3.87703138
12.80472622 -0.67039300 -8.48530941 3.33665457
12.71614666 -1.04883339 -8.46481514 3.82344503
