25.49189758 0.36625296 -6.86380959 4.85559177
25.60861588 0.54674387 -6.99519968 4.54194260
25.39680481 -0.16315992 -6.81877851 5.01220322
25.60536766 0.38035202 -6.76559639 4.23494625
25.61913109 0.10438032 -6.71223068 3.71427679
25.72144508 -0.03896870 -6.81507015 4.64753866
25.48195267 -0.16478527 -6.74696875 4.34508276
25.51258278 -0.57044500 -6.82958698 4.54051590
25.42232513 -0.96732134 -6.80089855 3.68451571
25.37088013 0.35176376 -6.96499872 3.22152472
25.35538292 0.07213999 -6.98537683 3.00068808
25.41745949 -0.16210069 -7.05552101 3.36839962
25.30907440 -0.16933051 -6.89144897 4.02945471
25.29429436 -0.58480722 -6.89818048 3.83217621
25.21622086 -0.98414660 -6.92205095 3.98249745
