20.61074219 0.25942888 -4.97436581 4.16221238
20.67666359 0.43713883 -5.12316132 4.12807436
20.54781609 -0.25202552 -4.95993404 4.72826347
20.76001625 0.26126800 -4.92582064 3.91932545
20.85131836 0.00095964 -4.95114813 3.76766505
21.01578445 -0.16988345 -5.06224165 3.00954013
20.65615501 -0.25069778 -4.92711449 4.00644617
20.69931717 -0.62624829 -4.94423380 4.32288961
20.67843323 -0.99283451 -4.84549846 4.40602665
20.45689010 0.25984853 -5.01761189 2.83047476
20.33443222 0.00477215 -5.00582171 3.33855167
20.26137924 -0.23000038 -5.04608727 4.33979578
20.44163055 -0.24815063 -4.99860745 3.91952138
20.38156319 -0.63212504 -5.04177723 3.47984271
20.28370514 -1.01031742 -5.05663576 4.04099627
