13.61280327 0.22755265 -4.15119200 3.82449327
13.76393166 0.42415568 -4.19100180 4.04592819
13.59289856 -0.27827796 -4.15029306 4.49492760
13.61488705 0.23219249 -3.98841787 3.64632454
13.57059097 -0.02864390 -3.92114010 3.44818272
13.60435639 -0.26381281 -3.86545233 2.83868475
13.61311989 -0.28324614 -4.04741993 3.55741982
13.77804909 -0.65646423 -4.10087290 4.19778747
13.84539451 -1.03023474 -4.11603518 4.02472181
13.59896889 0.22026347 -4.31345806 2.86411657
13.61962757 -0.03370338 -4.40587931 3.05158167
13.81643887 -0.19426503 -4.39110375 3.15820866
13.56234855 -0.27995158 -4.25043230 3.75510717
13.51552715 -0.68517419 -4.20674954 3.50473605
13.39453201 -1.03988404 -4.11928921 3.88873711
