12.59461689 0.20540380 -8.15049362 3.87158966
12.81704521 0.37070322 -8.08249378 3.95157099
12.55132103 -0.29630277 -8.20429516 4.51278019
12.51038170 0.19330341 -8.01662159 3.56701899
12.49812317 -0.08232410 -7.96879721 3.35757589
12.53993416 -0.32128376 -7.96216059 2.87976122
12.52108192 -0.29984733 -8.10362530 3.53221440
12.63666534 -0.65201849 -8.05673313 3.98640442
12.47688961 -0.99882782 -8.11029339 3.91712451
12.67045593 0.21454170 -8.28695583 2.96331620
12.73741722 -0.05610904 -8.30648899 3.16040015
12.79190445 -0.25082520 -8.17011833 3.79758263
12.57545280 -0.29160663 -8.30647182 3.83904648
12.55889893 -0.67066145 -8.25829315 3.43954277
12.46454430 -1.02659690 -8.23826408 3.93522382
