25.21995468 0.23317963 -6.81863861 4.04891081
25.36341400 0.41968835 -6.78187780 3.74724364
25.16350098 -0.27677645 -6.81647644 4.65794049
25.18367920 0.24250815 -6.65829115 3.76439571
25.09290390 -0.01433726 -6.60340100 3.46182132
25.20386810 -0.22088141 -6.59872341 2.16044216
25.12142296 -0.27968933 -6.71447906 3.55496321
25.17285309 -0.64634800 -6.64816971 3.85547619
24.94597893 -0.97737205 -6.62796936 3.21375856
25.25690422 0.21991329 -6.97880688 2.80220365
25.18987541 -0.02371427 -7.10011930 2.85413766
25.17967529 -0.25990882 -7.14607010 2.18073826
25.17931137 -0.28105092 -6.92655697 3.80466490
25.29572945 -0.65223440 -6.88156080 3.27211676
25.15845032 -1.03204002 -6.87106666 3.29441490
