26.43237839 0.20321424 -10.29308853 4.10025959
26.29657669 0.39874116 -10.25155392 4.17151642
26.46381912 -0.32683026 -10.30476990 4.91086350
26.38749466 0.20039375 -10.44749794 3.92837248
26.43276749 -0.06278822 -10.55294227 3.48510523
26.42565079 -0.30875407 -10.61812401 2.82247619
26.40797577 -0.32963837 -10.39655781 3.83719359
26.28251762 -0.69538052 -10.32467384 4.16089840
26.25505219 -1.07197523 -10.30559845 4.15304203
26.49457397 0.21038129 -10.14775581 3.01745853
26.45009536 -0.04640745 -10.04749966 3.20965953
26.20857430 -0.07312060 -10.01679459 3.30037752
26.52222099 -0.32686997 -10.21711902 3.99519310
26.57344284 -0.72091860 -10.29227047 3.52503781
26.68321380 -1.09081805 -10.40319214 4.21034746
