27.13197594 0.25691420 -10.68358936 4.24025793
27.04661713 0.50362574 -10.63429050 4.55583067
27.16968613 -0.26755996 -10.68457184 4.72380648
27.04177284 0.25385711 -10.81492997 3.76098147
26.95438461 -0.01710108 -10.81777745 3.32948379
26.83474846 -0.20717982 -10.72489586 1.80601701
27.13230209 -0.27109299 -10.78331394 3.95827789
27.19546814 -0.66727752 -10.76562634 4.05589447
27.31334763 -1.03163066 -10.76596203 3.50367508
27.22873459 0.25929941 -10.55883178 3.14954490
27.33014679 -0.00365507 -10.49492188 3.07476096
27.40780601 -0.23732006 -10.43629799 3.11999683
27.19601593 -0.26953037 -10.58134479 3.93892694
27.01159325 -0.62019880 -10.51811218 4.06660194
27.07357445 -1.00670929 -10.58724117 3.58983078
