8.74447632 0.12317557 -6.92784071 3.64650798
8.76700306 0.31151986 -7.06377554 3.67493534
8.73650360 -0.39508832 -6.93637896 4.40262032
8.87639618 0.11691543 -6.84564209 3.27609682
8.89815998 -0.14884384 -6.74623537 3.31207967
8.96604919 -0.39315841 -6.69198465 2.28235531
8.83189869 -0.39469552 -6.87348747 3.69749928
9.03645039 -0.70836884 -6.81635952 3.90490794
9.16322041 -1.04916060 -6.70646238 3.33997965
8.60419273 0.12841094 -6.99985218 2.47620344
8.49502182 -0.13633764 -6.99373388 2.61698723
8.48904610 -0.38334271 -7.04808569 2.73763561
8.63332939 -0.39655873 -6.98975229 3.68033171
8.52550316 -0.72320980 -7.14642954 3.24624395
8.37636089 -1.09288132 -7.08190012 3.57863998
