14.98192692 0.25386834 -7.88791513 4.43649721
15.14024734 0.44450772 -7.93123817 4.23508406
15.00575161 -0.26890790 -7.90505552 5.02347183
15.00702381 0.25707674 -7.72666311 4.06463718
15.00074673 -0.02039118 -7.67892885 3.77449679
15.14278126 -0.22794515 -7.70002747 3.23794198
15.00550556 -0.27965960 -7.79023123 3.99463177
15.11633301 -0.63051140 -7.81507301 4.96707821
14.87792778 -0.90126884 -7.84690094 4.05868340
14.96320915 0.25131825 -8.04565620 3.01539111
14.97824955 -0.01932223 -8.11839676 3.24610591
15.04532051 -0.26205263 -8.14618969 3.17690325
14.99563694 -0.26718915 -8.01670933 4.11701155
15.03705978 -0.63949132 -8.01210499 3.86436081
15.03152847 -1.01737654 -8.00110912 4.42859221
