6.70662842 0.21379477 -6.66387882 3.58167458
6.75787373 0.42927127 -6.79904613 3.73669033
6.67249117 -0.32086476 -6.70925036 4.39501686
6.81426897 0.20467777 -6.54429044 3.37996621
6.82679329 -0.07855822 -6.48172980 2.98669391
6.91748056 -0.31875329 -6.47568435 2.05776338
6.73956299 -0.32508820 -6.61346616 3.49998112
6.85424605 -0.70362016 -6.58164768 3.76683693
6.83934040 -1.07957275 -6.43683825 3.07280154
6.59123545 0.23204250 -6.78650713 2.53217053
6.50478229 -0.04330215 -6.87369881 2.70699801
6.56106930 -0.27121715 -6.97012186 2.82029218
6.59410353 -0.31413331 -6.79158621 3.60720010
6.54100580 -0.70920434 -6.87362032 2.99412126
6.44915419 -1.09765113 -6.86864310 3.38375044
