12.32253208 0.25726287 -5.83882265 3.72079949
12.40959454 0.46356260 -5.71615505 4.03581457
12.26682778 -0.25839047 -5.83016892 4.51708202
12.20469513 0.26833264 -5.72729683 3.47367287
12.15106296 -0.00102687 -5.68018961 3.26322651
12.21316757 -0.23091444 -5.60953941 2.60118103
12.17402039 -0.25814007 -5.77386103 3.52862263
12.12561798 -0.63731496 -5.74538879 4.06316404
12.02189102 -0.99346806 -5.87375288 3.80054216
12.44497852 0.24316125 -5.94472198 2.82766638
12.47894840 -0.04066001 -5.97215738 3.01726036
12.52135715 -0.27577071 -5.93863401 3.73646650
12.35905991 -0.26760373 -5.88939410 3.97781534
12.34746341 -0.65101595 -5.85172625 3.05288649
12.32942371 -1.04150710 -5.87075958 3.76693869
