11.81454658 0.22008118 -5.51293793 4.39820108
11.93507996 0.41873388 -5.44091377 4.27372799
11.82668171 -0.28259266 -5.51996479 5.26462975
11.79660606 0.21245414 -5.36217804 4.29418192
11.77151356 -0.04695991 -5.33462239 4.07473807
11.76980343 -0.29172334 -5.29554672 3.56846504
11.80433846 -0.28488697 -5.41444778 4.18562064
11.94941139 -0.68108441 -5.41967907 4.65986309
11.93869858 -1.05247929 -5.40814666 5.02740516
11.83244248 0.22564247 -5.66148195 3.26182337
11.90115452 -0.03107560 -5.70576830 3.46734185
12.03229618 -0.22470749 -5.68474150 3.77185201
11.83919564 -0.28895469 -5.62573614 4.13882232
11.75886002 -0.68409555 -5.59639416 4.10261397
11.60095654 -1.02217266 -5.56737928 4.63894376
