12.83302593 0.22963887 -8.13920975 4.06739902
12.92066574 0.35830799 -8.33549976 3.51934814
12.74787235 -0.26910400 -8.06414032 4.70268822
12.98236179 0.21643803 -8.08233261 3.74211693
12.98254108 -0.05539229 -8.08796120 3.65749168
12.96976280 -0.28415063 -8.20370007 3.03933764
12.83452511 -0.27152041 -7.99692726 3.93079376
12.80635738 -0.66215819 -7.95920944 4.03528500
12.77890682 -1.04778945 -7.93606806 4.02018166
12.67325497 0.23251182 -8.19930935 2.93729115
12.51274395 0.05941039 -8.05446053 2.94072890
12.37872601 -0.12916836 -7.93219900 2.62141752
12.65788364 -0.25936577 -8.12551880 3.92431927
12.71022892 -0.61365086 -8.31070995 3.55491090
12.63221550 -1.00497699 -8.32013988 4.01534939
