15.61438942 0.24679851 -4.67236366 4.04215498
15.67587318 0.43738453 -4.81796512 3.92526254
15.58521957 -0.26960027 -4.69473534 4.75848217
15.73933411 0.24220698 -4.56223535 3.91255646
15.83605823 -0.01836676 -4.55099898 3.71168013
15.94739075 -0.21201304 -4.67166834 3.50056457
15.65333596 -0.27880047 -4.61068811 3.65750828
15.66566906 -0.66198619 -4.62812910 4.17234755
15.62146740 -1.03975330 -4.62319393 4.23460083
15.47825604 0.24535891 -4.77611647 2.75668878
15.38346634 -0.01818530 -4.79983998 3.14593515
15.35003872 -0.25696479 -4.86744957 3.35034142
15.51156140 -0.26714363 -4.77377320 3.86483898
15.54004955 -0.64672561 -4.86742792 3.55761762
15.48837967 -1.02646017 -4.91848307 3.99617796
