24.03490601 0.20078095 -12.00529652 4.85153808
24.08892861 0.39226984 -11.86732960 4.26991158
24.00656968 -0.32456244 -12.00131989 5.68379888
23.98969497 0.20509108 -11.84706669 4.22910643
23.95797158 -0.05402247 -11.83375607 3.69401111
23.97200355 -0.29038830 -11.82671166 3.31932974
23.97569275 -0.33072574 -11.89721679 4.55099297
24.06467285 -0.73547691 -11.90577869 4.90093593
24.05743637 -1.09680328 -11.95107727 4.61945896
24.06169434 0.19471628 -12.16173324 3.81298866
24.08250999 -0.05258197 -12.25715542 3.56938796
24.10618972 -0.28017721 -12.21490803 3.92257629
24.02560119 -0.33079482 -12.10661927 4.52124491
24.02419777 -0.73827776 -12.07067261 4.70372581
23.81146545 -0.98232848 -12.09001427 4.32033605
