10.48771648 0.21890731 -6.58783998 3.68604489
10.36354980 0.42606935 -6.58200360 3.77459688
10.47855854 -0.30298276 -6.58477325 4.35835848
10.44572144 0.21419245 -6.74070129 3.35825925
10.45209617 -0.05296287 -6.80428877 3.24123650
10.42369824 -0.29888378 -6.84051409 2.07053003
10.43766842 -0.30416946 -6.68099365 3.33461113
10.32968940 -0.67418301 -6.59851160 3.71965976
10.31354255 -1.05234957 -6.53120232 3.68644342
10.51967506 0.21634901 -6.42955513 2.71838836
10.54218502 -0.06279152 -6.37102499 2.91571484
10.51324921 -0.30912814 -6.31280260 2.63392453
10.52256852 -0.30772631 -6.48805742 3.63308935
10.56513119 -0.69825417 -6.55078106 3.28513345
10.67028122 -1.05528240 -6.63613510 3.83830476
