3.09555794 -0.13455403 -4.84016974 4.84225382
3.25526391 -0.12632086 -4.74563820 3.60931565
2.88416308 -0.42851308 -5.04870014 5.24688193
3.00565708 -0.15280217 -4.76767868 4.35428611
2.92292772 -0.42590327 -4.87452631 3.67037122
3.03594760 -0.56365165 -4.80731804 3.37430122
2.83556891 -0.43248723 -4.98629494 4.40098398
2.98454925 -0.77822040 -4.91044431 4.11995939
2.88589302 -1.12430578 -4.90445780 4.10231265
3.14085565 -0.11049422 -4.96375314 2.79759373
3.11022402 -0.35695648 -5.05398296 3.12197253
3.15056971 -0.56876217 -4.95926988 3.06561467
2.90816940 -0.42924752 -5.11425565 4.25373647
2.87292345 -0.81769654 -5.20919032 4.07541600
2.65556236 -0.96963142 -5.34620451 3.66947222
