9.98556309 0.23822499 -5.75085297 4.34569606
10.15057945 0.43550507 -5.79672851 4.19305639
9.95259266 -0.28031592 -5.71614885 4.92736530
9.99434128 0.24094251 -5.59866858 4.03859577
9.98056908 -0.02232017 -5.53955125 3.78123216
10.03517475 -0.26262486 -5.51204424 3.39286766
9.95553017 -0.27877909 -5.60449486 3.77326603
10.00998573 -0.66572195 -5.55290994 4.42906666
9.86889458 -1.03029619 -5.55067482 4.78591175
9.96473885 0.23677616 -5.89968624 3.02600985
9.93017693 -0.01996552 -5.97343407 3.20277643
10.11158905 -0.15434147 -6.02273683 3.55458593
9.92857399 -0.28363528 -5.82446127 4.10567465
9.95285168 -0.66876243 -5.81703301 3.99437847
9.90719166 -1.04709425 -5.81206865 4.51790886
