12.79547443 0.23036327 -8.40369644 3.74281984
12.83197518 0.40835727 -8.22145653 3.87364859
12.80412559 -0.29208607 -8.43572693 4.52765742
12.67123165 0.22678662 -8.30227871 3.37612328
12.62490844 -0.05365722 -8.30899430 3.28284721
12.65057468 -0.29101774 -8.24753781 2.71406227
12.73638077 -0.29462936 -8.35442639 3.73867617
12.84142132 -0.65192039 -8.24604988 4.02265597
12.76396770 -1.03900206 -8.28067207 3.81564226
12.92631989 0.23205656 -8.49589234 2.67449313
13.00180225 -0.03560459 -8.54902535 3.07745852
13.06190548 -0.26630584 -8.48750038 3.01916609
12.87140656 -0.29239576 -8.51773434 3.88600245
12.81028061 -0.66930256 -8.48810615 3.31784410
12.72310124 -1.05178149 -8.46648597 3.83208141
