12.68439731 0.24228266 -8.40465145 3.71003160
12.77127934 0.40711788 -8.24494724 3.97640524
12.61045303 -0.26502364 -8.43903580 4.59308834
12.57663822 0.24572137 -8.29320622 3.39421187
12.55257911 -0.00889717 -8.21771431 3.38185969
12.62695103 -0.23615669 -8.16906147 2.61393247
12.54077683 -0.25906906 -8.35689907 3.62537203
12.47395458 -0.62033702 -8.25904827 3.98142066
12.31060696 -0.96827434 -8.28516827 3.76100764
12.78960343 0.24192902 -8.52069340 2.86247950
12.95186443 0.02859574 -8.52727737 3.10517907
13.12507706 -0.09115859 -8.41046676 3.42112923
12.67298908 -0.26836626 -8.52714481 3.99097815
12.70926437 -0.64831314 -8.49598618 3.53742647
12.64541188 -1.02506762 -8.49203167 3.78791084
