26.93049545 0.17665146 -13.03663406 4.31457720
26.85588150 0.38726574 -12.94081230 4.17730789
26.99974213 -0.35805458 -13.04934273 4.94896450
26.87050476 0.16170639 -13.18351860 3.89823289
26.90962715 -0.11357142 -13.25254287 3.24964114
26.88227043 -0.34619905 -13.29497185 2.44888645
26.93051643 -0.35944351 -13.12973976 3.88291488
26.80325127 -0.71463590 -13.06432476 4.11832523
26.92661896 -1.06329434 -13.09022903 4.33674612
27.00538025 0.19574262 -12.89404506 3.23051009
27.09650802 -0.04477963 -12.77989521 3.04452558
26.90378609 -0.15984052 -12.70194645 3.18511038
27.06788407 -0.36239579 -12.97212200 3.95556212
27.12750092 -0.73327238 -13.01234074 3.50438986
27.24850845 -1.09955342 -13.11988525 3.96103230
