7.64316311 0.03110783 -10.78052196 4.34933510
7.53531876 0.22230986 -10.65497723 4.38830118
7.69465523 -0.46570921 -10.77987232 4.99765014
7.56451606 0.03160266 -10.90752125 3.75640783
7.51405430 -0.23020795 -10.97629242 3.51132202
7.36545048 -0.38394563 -10.85329304 3.13224621
7.66696606 -0.46317265 -10.89049187 4.10001011
7.58540010 -0.81981386 -10.98660851 4.59094992
7.79157601 -1.06991592 -11.18745384 4.21676645
7.70369683 0.02942072 -10.64690724 2.95433383
7.79280834 -0.22283683 -10.64346199 3.20488414
7.76565571 -0.42430415 -10.51937466 3.08992448
7.71850290 -0.46856709 -10.67246514 3.88645272
7.57857800 -0.69538435 -10.42773800 4.22209521
7.68780136 -1.05152893 -10.35398598 4.41036701
