24.39576797 0.26884784 -6.95581398 4.73530188
24.52553254 0.45731257 -7.07535496 4.36287651
24.35496979 -0.25497764 -6.96212607 5.20936165
24.51689682 0.26389382 -6.85848055 4.16376896
24.51879197 -0.00446417 -6.81062498 4.08339882
24.61056671 -0.11514998 -6.99725752 3.68574123
24.44923820 -0.25435656 -6.89652605 4.18189430
24.57354927 -0.62318554 -6.96907224 4.83878136
24.64958916 -1.00500819 -6.97231922 4.45012617
24.27294807 0.26635313 -7.05186986 3.05252667
24.20099182 0.01062905 -7.05376167 3.07715515
24.28214950 -0.11581042 -7.13512745 3.93405080
24.26445312 -0.25636819 -7.02338200 4.15752172
24.18092118 -0.63745767 -7.07197409 4.18564634
24.02616615 -0.96783421 -6.96136503 4.63398066
