28.50359154 0.22966659 -12.93542175 4.20017271
28.51408234 0.42055019 -12.77964420 4.03680053
28.55213242 -0.31434946 -12.97825775 4.80750151
28.33706436 0.23430787 -12.93083172 3.57257605
28.32831764 -0.07004723 -12.91944065 3.66235771
28.39416886 -0.30267461 -12.84193573 2.75877557
28.43644982 -0.31779145 -12.98248825 3.70374365
28.46916962 -0.72160663 -12.98178902 4.07566834
28.53183632 -1.11229107 -13.06742516 3.72376008
28.67133065 0.22569141 -12.94747773 2.80030809
28.73539696 -0.06810935 -12.95318565 3.10562983
28.80566978 -0.30969713 -12.86998863 3.39701214
28.66888504 -0.31104723 -12.97881165 4.06955529
28.71535912 -0.72276547 -12.99884281 3.58784804
28.75305596 -1.11473324 -13.06241321 4.03468666
