21.91762848 0.26186120 -11.50249481 4.17018643
22.03354607 0.43876026 -11.48349056 3.65957980
21.95812645 -0.25375066 -11.51455269 4.61755085
21.90907784 0.25486197 -11.34584313 3.63266673
21.96634865 -0.00345727 -11.28864574 3.44097319
22.10550613 -0.21361049 -11.30086593 2.96042414
21.92469253 -0.25860285 -11.41214600 3.60184431
21.94317398 -0.64955646 -11.42490368 3.93267021
21.85058747 -1.03575873 -11.48392277 3.66783485
21.89600143 0.27552511 -11.65978737 3.09406624
22.08596077 0.28250863 -11.81786938 2.75662732
22.06959839 0.42499124 -11.66972866 2.90321307
21.97280998 -0.25650798 -11.62047539 3.85822068
22.12934265 -0.61733794 -11.64187755 3.65308084
21.95691834 -0.97251051 -11.59983635 3.92738285
