21.97380829 0.23097020 -6.88745642 3.92918253
22.13185539 0.43444994 -6.84400234 4.06881265
22.00184517 -0.27524232 -6.90938825 4.69460507
21.96839599 0.21530172 -6.72690620 3.72812638
21.92317734 -0.04819791 -6.67974072 3.45126715
21.98545914 -0.27718258 -6.66256637 3.20129462
21.99728470 -0.28310755 -6.80032806 3.55160904
22.13280144 -0.64950904 -6.79332790 4.14765444
22.11135177 -1.02115863 -6.79439707 4.31604872
21.98097458 0.24295052 -7.04886627 2.87864404
21.98423462 -0.01110374 -7.15361271 3.04305391
22.06729507 -0.22441474 -7.21828318 3.06560431
21.99715462 -0.27340899 -7.01763191 3.81402417
22.05830231 -0.65994268 -7.02865086 3.74067507
21.80390701 -0.94124897 -7.01779528 4.05233088
