23.66543808 0.22559337 -8.81064911 4.11786432
23.59037056 0.41952209 -8.66258717 3.93035469
23.68844490 -0.28316698 -8.85520115 4.67269802
23.52654190 0.22690562 -8.89263210 3.92762318
23.41766930 -0.02726546 -8.93879318 3.42849722
23.32849808 -0.16943528 -8.77172279 2.56401944
23.63928261 -0.28850148 -8.95032463 3.93676548
23.71074562 -0.68212133 -8.96619320 3.79293761
23.90194016 -1.02393258 -9.07296734 3.05021848
23.80571060 0.22225476 -8.72253818 2.73603125
23.93232232 -0.02695877 -8.75143509 2.86209631
24.07446289 -0.23392297 -8.77096615 2.35894098
23.74866448 -0.28791813 -8.76676960 3.83020644
23.62557449 -0.65524547 -8.65494633 3.49387784
23.57921524 -1.05173903 -8.62898865 3.54098721
