28.50161820 0.23014642 -12.93683395 4.23717622
28.52008514 0.42009772 -12.78313828 4.03577223
28.53469925 -0.31564636 -12.98435058 4.74725304
28.33183670 0.23324898 -12.92746830 3.61822481
28.30825272 -0.07293973 -12.92273617 3.61418257
28.35945702 -0.31325308 -12.84802246 2.72711196
28.41822738 -0.31898219 -12.98652935 3.73764568
28.46340103 -0.72131900 -12.98053627 4.14739895
28.53749351 -1.11508214 -13.06719284 3.70667977
28.66862335 0.22319267 -12.95045585 2.84451342
28.72800789 -0.07348969 -12.96358795 3.07786989
28.78163757 -0.32580689 -12.88283749 3.31289411
28.65201950 -0.31082760 -12.98345756 3.98755560
28.71823273 -0.71212136 -13.00638008 3.68157368
28.81186409 -1.09942505 -13.08608513 3.97293244
