6.71256113 0.22293545 -6.71637535 3.56848288
6.75121880 0.41555387 -6.88760138 3.46883464
6.69786453 -0.32369176 -6.71583748 4.33029366
6.85631180 0.22422852 -6.61756563 3.12737274
6.84680080 -0.05674939 -6.53063726 2.97473526
6.87750435 -0.31146285 -6.49740362 2.16256213
6.77526093 -0.32601225 -6.63785362 3.56612873
6.83619070 -0.71330625 -6.54984426 3.57478476
6.83475876 -1.08399630 -6.43256617 3.17083979
6.56757259 0.22441429 -6.82114840 2.15911937
6.48261786 -0.06244383 -6.83388805 2.48433399
6.45087767 -0.29094544 -6.93349886 2.49017715
6.60013056 -0.32355517 -6.77289867 3.60072708
6.50309420 -0.69421452 -6.84602070 3.16507959
6.44798326 -1.10480213 -6.86838102 3.62528515
