15.24623623 0.28041413 -12.05958424 3.77963028
15.45607662 0.46271963 -12.11750507 3.96909099
15.21316719 -0.25556858 -12.08817444 4.63567848
15.29073582 0.27702181 -11.90319805 3.70999580
15.29641304 0.00188811 -11.86009007 3.43747625
15.39936752 -0.21999674 -11.88279190 2.94316058
15.22198143 -0.26224981 -11.97969074 3.71960354
15.25555077 -0.65150615 -12.01133594 3.95549116
15.15321045 -1.02661426 -12.06234226 3.84537916
15.19365024 0.28657416 -12.21642838 2.77343630
15.09070148 0.03638648 -12.28452759 3.05413484
15.05544167 -0.19121087 -12.32874050 2.97122231
15.19474907 -0.25913314 -12.19272709 3.83070216
15.27073669 -0.64444921 -12.22336349 3.58958121
15.21522579 -1.02139446 -12.20642300 3.99332051
