6.71121111 0.22095599 -6.70786553 3.53649015
6.76361809 0.41672205 -6.87012510 3.53899054
6.69723053 -0.32629422 -6.71548500 4.36805764
6.85236817 0.21682728 -6.61031465 3.22860622
6.85047588 -0.07177445 -6.53500509 2.97753200
6.89752922 -0.31982598 -6.54633360 2.13570037
6.77025223 -0.32814459 -6.63408699 3.42836723
6.83715239 -0.71382090 -6.55097723 3.53649340
6.83530960 -1.08344679 -6.42894526 3.21449842
6.57097759 0.22748143 -6.81564035 2.20331969
6.47922659 -0.05531441 -6.84215794 2.55945778
6.46555853 -0.28609772 -6.94576349 2.31091003
6.60425310 -0.32340998 -6.77817554 3.61146946
6.50975580 -0.69162182 -6.84784947 3.13653898
6.44735269 -1.08394470 -6.87120962 3.41610356
