8.14932251 0.22357655 -4.20509548 3.54498944
8.28712959 0.42737186 -4.24198360 3.84098425
8.13412723 -0.30540330 -4.21365195 4.40895586
8.13526459 0.22223499 -4.04288273 3.37095971
8.06308937 -0.03915785 -3.95660853 3.11368456
8.07768936 -0.28818615 -3.89688163 2.32221141
8.14931507 -0.30426978 -4.10594683 3.69638215
8.35709476 -0.66199749 -4.11796274 4.03221760
8.45384159 -1.05690262 -4.11563644 3.52768755
8.14636688 0.22176271 -4.36882200 2.79117208
8.28305283 -0.01666428 -4.45418920 2.77947416
8.51137180 -0.05076063 -4.45982532 3.19211717
8.10638694 -0.30463110 -4.31952028 3.60653028
8.02185602 -0.70422068 -4.30018502 3.12008276
7.90365200 -1.08442850 -4.24546843 3.53058348
