12.90599785 0.23534603 -7.54230757 3.97655945
13.10678596 0.44042192 -7.54343596 4.29833107
12.92770119 -0.27621025 -7.55675573 4.66658535
12.94244861 0.22317227 -7.39240971 3.73646712
12.95418529 -0.04994553 -7.34436808 3.54800424
12.98622799 -0.29250725 -7.29879227 3.25565266
12.95091782 -0.28502596 -7.45176506 3.69645719
13.04955807 -0.67942020 -7.49318886 4.49107523
13.05984401 -1.05429545 -7.54177113 4.33581266
12.86336937 0.24723375 -7.69463158 2.96298456
12.89428100 -0.00084493 -7.80942440 2.96912241
13.11148701 -0.10734542 -7.85280189 2.85842447
12.89953384 -0.27309805 -7.65985145 3.88396892
12.89814014 -0.67069681 -7.66996308 3.58482656
12.64027138 -0.93509167 -7.58149643 3.94965353
