6.52662907 0.18400267 -6.51488571 3.30403652
6.59598484 0.38955391 -6.64967223 3.68171740
6.49298019 -0.33611621 -6.50278873 4.29600763
6.68071556 0.18527405 -6.43883648 3.22079763
6.72426567 -0.09433054 -6.42088127 2.99182625
6.76904698 -0.18407458 -6.64943314 2.12790208
6.59535504 -0.33939315 -6.45682831 3.39160328
6.74871721 -0.69681532 -6.48682766 3.67807088
6.80972299 -1.07806909 -6.42211514 2.92465244
6.37030744 0.17942067 -6.58492785 2.16365919
6.28251209 -0.08633557 -6.65172415 2.61687145
6.38213406 -0.26718070 -6.77909470 2.60247174
6.38510656 -0.33301430 -6.53164959 3.61212540
6.26039152 -0.71090503 -6.55884523 2.68024435
6.12495852 -1.08775905 -6.49069433 3.42332039
