16.06265106 0.20372366 -9.70150318 3.84476428
15.96165543 0.42473194 -9.70486507 4.10772743
16.05031967 -0.30854307 -9.68406754 4.65280895
16.08101578 0.19969802 -9.86324635 3.53155336
16.10396729 -0.06372771 -9.92219296 3.49458151
16.09722976 -0.30626301 -9.94301472 3.06899829
16.06820297 -0.31322724 -9.78995323 3.66688251
16.05225678 -0.67943860 -9.77747688 4.00933518
16.10343361 -1.04882176 -9.75133438 4.05273504
16.04253807 0.20630625 -9.53697853 2.87337771
16.03508644 -0.05676683 -9.45707913 2.95124521
15.94350414 -0.27741581 -9.47739258 3.06214590
16.03256263 -0.30858664 -9.57924175 3.80557632
15.94828568 -0.66746080 -9.55619106 3.92135739
16.14223137 -0.99623581 -9.55967789 4.10027643
