23.21921158 0.21802588 -5.96085453 3.78419471
23.36484146 0.41423810 -5.99340725 3.90400219
23.31018829 -0.28459024 -5.99629307 4.53884077
23.20266533 0.21690276 -5.80245447 3.49372983
23.18961716 -0.04781990 -5.73664141 3.24528813
23.34515381 -0.20809245 -5.74591398 2.53535318
23.27676392 -0.29236010 -5.88876009 3.64695930
23.33345795 -0.67168266 -5.91110516 3.82738924
23.32116890 -1.05751884 -5.95265055 3.14997077
23.24640083 0.22333002 -6.11897182 2.77099633
23.24324989 -0.02339859 -6.22856140 2.82842541
23.28167725 -0.24095009 -6.29193926 2.62376428
23.32945442 -0.27698290 -6.10591745 3.76247692
23.44227409 -0.64969552 -6.15580034 3.55486822
23.17987442 -0.93610835 -6.28594589 3.52013564
