18.02316436 0.22692087 -7.29751301 4.19972267
17.93021889 0.41101882 -7.16913757 4.09605150
18.03828354 -0.28796066 -7.30670004 4.95051060
17.89604568 0.22929266 -7.38437881 3.98664589
17.83118668 -0.03897479 -7.40234175 3.89648924
17.72553940 -0.24164033 -7.33812141 3.44400768
17.96171188 -0.29171878 -7.38280802 3.98451333
17.97810822 -0.66743449 -7.34286013 4.47179956
18.12934456 -1.01693976 -7.38835754 4.13348665
18.14277496 0.22916815 -7.19187088 2.90203614
18.20514336 -0.03731484 -7.14975395 3.13954349
18.10637092 -0.25331315 -7.08105650 3.42681841
18.11849671 -0.29743534 -7.23514500 4.04954338
18.03361664 -0.66831552 -7.22727604 4.02532053
17.98707161 -1.02076411 -7.30069818 4.23194904
