25.06978989 0.29767961 -5.28973703 4.43631945
25.15677452 0.50450126 -5.41863489 4.38166628
25.08847656 -0.26195622 -5.33274879 4.85795098
25.17706680 0.30207167 -5.19030257 3.98252468
25.22081489 0.04074719 -5.16585360 3.84221010
25.27945137 0.09819156 -5.36551285 3.85635309
25.14153709 -0.26700350 -5.24067974 3.94986095
25.12872238 -0.63342496 -5.29979201 4.33948402
25.01252327 -1.00498474 -5.26491442 4.07044296
24.96727105 0.29333314 -5.39088716 2.85699768
24.87927742 0.04420112 -5.40389252 3.11106777
24.93911857 0.02688863 -5.57288714 4.29448195
25.02282448 -0.25664030 -5.41512194 3.94475899
25.05539627 -0.60356676 -5.49643383 3.95048666
24.91264152 -0.96873085 -5.44200296 4.17287846
