13.97012463 0.17301078 -9.00343800 3.77388926
13.83029289 0.38589905 -9.03482895 4.04030623
13.97609005 -0.34040090 -9.00924931 4.55264883
14.03688565 0.17533790 -9.14654846 3.52411051
14.15213661 -0.04105688 -9.21030026 3.39461785
13.95905857 -0.11517601 -9.16776027 3.07116633
14.01217766 -0.33802124 -9.10934143 3.68207045
13.97911358 -0.70259333 -9.14404450 4.10308523
14.12820530 -1.06194386 -9.13629093 3.86026011
13.90693569 0.17251317 -8.86008644 2.79331016
13.87682724 -0.06445584 -8.77644959 3.01832599
13.79871331 -0.11578874 -8.97843170 2.75845213
13.93349037 -0.33879667 -8.91193085 3.69661885
13.75227776 -0.68238029 -8.90469284 3.55889139
13.77171821 -1.05343399 -8.80555420 4.09356613
