12.86075936 0.13234135 -10.21063385 4.00982523
12.69950294 0.32731513 -10.12681408 3.80991134
12.89635373 -0.37527225 -10.27834224 4.83412247
12.76575069 0.13630426 -10.32793694 3.76651354
12.69749394 -0.12068575 -10.37136097 3.51286307
12.63387719 -0.29922831 -10.24402084 2.98745818
12.85777111 -0.37640981 -10.37791881 4.02298717
12.87372532 -0.72936493 -10.48802052 4.44282894
12.99220676 -1.06098692 -10.65025940 4.10349693
12.95867271 0.12628759 -10.10248623 2.88522935
13.06123733 -0.11673940 -10.08978615 3.04093427
12.92243557 -0.30844661 -10.05131721 3.67766290
12.94137859 -0.37733912 -10.18117352 3.93259668
12.75221291 -0.67552234 -10.08964214 3.72237472
12.82718067 -1.06054938 -10.10846958 4.21089630
