24.61353254 0.24426388 -7.39573545 4.42794435
24.73599072 0.45847620 -7.49039275 4.19504090
24.58333416 -0.28161194 -7.39966278 4.91828108
24.67331276 0.24714821 -7.25399618 4.26119445
24.77324390 -0.00688420 -7.22439301 3.80073274
24.91873045 -0.03528342 -7.33743021 3.71911583
24.60215941 -0.28259447 -7.29720018 4.13662691
24.61787042 -0.66209554 -7.29285376 4.22483768
24.48908253 -1.02609340 -7.28254597 3.85622505
24.53807020 0.23463102 -7.52925796 2.97038863
24.49493857 -0.03271513 -7.59466522 2.84563347
24.56865539 -0.24636440 -7.63189140 2.98831627
24.55801573 -0.28873483 -7.50313761 3.89850474
24.65654316 -0.64729117 -7.50316787 4.05348600
24.67404309 -1.02003906 -7.52464242 4.00997827
