23.21783295 0.21326369 -5.97862072 3.74296251
23.35196152 0.41263185 -6.03148594 3.81994944
23.30457611 -0.29430144 -6.01331463 4.57704077
23.20875893 0.20983012 -5.82119932 3.52357612
23.18981324 -0.05391538 -5.75955649 3.27982659
23.28807602 -0.24221735 -5.76391554 2.57253322
23.27675553 -0.30421853 -5.90728617 3.62960233
23.33089829 -0.67535840 -5.91930714 3.83955422
23.32053108 -1.05571253 -5.95209742 3.27139287
23.23394051 0.22022782 -6.13528194 2.75105176
23.21723518 -0.02508053 -6.24781055 2.86166439
23.24891358 -0.24342610 -6.31461992 2.49398189
23.31710701 -0.28498039 -6.12314672 3.78786869
23.39810371 -0.65228810 -6.18456354 3.42490788
23.13720322 -0.93973894 -6.29391098 3.51887822
