15.72371025 0.20465776 -9.24806804 4.13053646
15.60290336 0.41328867 -9.25966244 4.06944313
15.70768680 -0.31909179 -9.21913052 4.95457516
15.77573471 0.19744605 -9.40568276 3.95355668
15.81303520 -0.07271978 -9.46685753 3.77426796
15.77438335 -0.31233440 -9.49393348 3.44620195
15.75888234 -0.32496281 -9.31985206 4.14705172
15.73822307 -0.69267271 -9.29023380 4.50406304
15.80356922 -1.05411756 -9.22217789 4.42962131
15.66971359 0.20102185 -9.08939895 2.93032617
15.66099300 -0.06256162 -9.00985699 3.09105739
15.55938377 -0.26124200 -9.06603069 3.62340145
15.65956764 -0.32141718 -9.11850224 3.90553055
15.52385807 -0.67046251 -9.14620609 3.73137908
15.53287754 -1.04619599 -9.11303825 4.45444575
