22.91116524 0.17317815 -8.38802128 4.45913162
22.88817024 0.39368463 -8.51517716 3.91506705
22.94215889 -0.36565211 -8.38108731 5.57952480
23.05911560 0.18417952 -8.32482795 4.25700865
23.11950035 -0.08067790 -8.32002831 4.16585226
23.15276680 -0.28297848 -8.45293122 3.48191099
23.03150291 -0.36623710 -8.32756710 4.81202641
23.24962997 -0.69535315 -8.36547451 5.15798569
23.35830459 -1.04744306 -8.32273121 5.07602873
22.76267891 0.16642127 -8.46152267 3.21264964
22.69072914 -0.09452670 -8.45355625 3.46870785
22.69960632 -0.31912488 -8.50775357 3.85651026
22.84660835 -0.37493456 -8.43008671 4.19954510
22.99773674 -0.72328123 -8.53155728 4.68783063
22.98271141 -1.09075377 -8.55120849 4.82407246
