23.63921928 0.24372278 -5.08811522 3.66879702
23.43639374 0.43571898 -5.05743074 3.58880329
23.65598679 -0.27322561 -5.06358242 4.44986916
23.64397240 0.23716374 -5.24979258 3.47375393
23.63249207 -0.02586310 -5.34391117 3.25672293
23.52193260 -0.24996629 -5.32942724 2.57811785
23.66627502 -0.27464348 -5.17019558 3.64592266
23.71152878 -0.65107346 -5.15011835 3.60230088
23.82791138 -1.03025317 -5.11122274 3.53764296
23.64072800 0.24967393 -4.92569304 2.61137342
23.70398521 -0.00855057 -4.84212637 2.86577320
23.59419250 -0.23023669 -4.83708382 2.74831152
23.64542389 -0.27559489 -4.95808649 3.73066688
23.51865005 -0.63250959 -4.93886280 3.33608699
23.59094810 -1.02033186 -4.93451071 3.59841037
