19.26350021 0.17130045 -6.26122618 3.75694833
19.39808006 0.37033297 -6.35798387 3.92839432
19.22960815 -0.32790192 -6.28434543 4.65608683
19.31251373 0.17288361 -6.10866317 3.81519937
19.23631287 -0.04339802 -6.00774870 3.51165262
19.40244713 -0.11244401 -6.13745546 3.13498154
19.23842316 -0.33589033 -6.17772866 3.74488139
19.30500679 -0.70135355 -6.25691614 4.13843641
19.15582657 -1.05123415 -6.26499719 4.34843531
19.21966782 0.16537703 -6.41376571 2.85538874
19.11787910 -0.06109678 -6.48385219 3.08098225
19.28009720 -0.20884959 -6.46983318 3.20756354
19.21301422 -0.32587671 -6.39052267 3.81620931
19.27402344 -0.69558268 -6.43141175 3.69557285
18.95690117 -0.88838922 -6.38147469 4.01501703
