15.13751030 0.21666848 -7.12009468 4.19265842
14.98540821 0.42763210 -7.11214724 4.60026512
15.11455688 -0.30024527 -7.10667610 4.81572590
15.13798237 0.22068754 -7.27571068 3.83074255
15.20800628 -0.00828844 -7.37736940 3.56541223
15.04332523 -0.13314923 -7.30437488 3.64389191
15.11048965 -0.30049085 -7.21139336 3.94530124
15.04536552 -0.66784618 -7.21114521 4.39893827
15.20804291 -1.00426718 -7.21540661 4.20279694
15.13180866 0.21701728 -6.96167002 2.96739549
15.09941292 -0.02723590 -6.88686695 3.17504449
14.99707050 -0.19507296 -6.96456709 4.79920988
15.11504917 -0.29983290 -7.00143223 3.90239072
15.10847740 -0.67522371 -7.00074921 3.79118910
15.22821999 -1.04140804 -6.98583202 4.29368925
