21.24977837 0.21301428 -8.85165272 3.80725541
21.10140839 0.41427267 -8.91591396 3.95755921
21.22003479 -0.30951489 -8.89161033 4.60823775
21.29684639 0.21555470 -9.00676880 3.38111510
21.33418427 -0.04915805 -9.07138844 3.32506313
21.25741959 -0.28040221 -9.12987404 2.34220219
21.23850670 -0.30758753 -8.99574928 3.60341983
21.17249412 -0.66738222 -9.05868568 3.96237082
21.27418556 -1.03582780 -9.04020004 3.69551935
21.21303787 0.21344948 -8.69257126 2.69957962
21.17074089 -0.04713346 -8.62797317 3.01987367
21.09106255 -0.26860169 -8.67905236 3.25413771
21.19387436 -0.30836063 -8.78802776 3.86876946
21.19615173 -0.67536969 -8.83205395 3.30497513
21.23040734 -1.05459182 -8.85919514 3.80353422
