14.50912746 0.23656465 -6.65643019 4.93824404
14.51848780 0.44934040 -6.77332004 4.56455177
14.49358280 -0.27701909 -6.65773651 5.31413887
14.65876678 0.23379919 -6.63292664 4.64897827
14.70088485 -0.02421670 -6.67496384 4.64508782
14.67007643 -0.20423831 -6.82576478 4.40197007
14.60801986 -0.28320114 -6.64865860 4.50160728
14.61574103 -0.66597115 -6.69237103 5.08827659
14.65659911 -1.02158143 -6.58193322 5.27472684
14.36628806 0.24308206 -6.69211759 3.35166420
14.29327606 -0.00979195 -6.70328138 3.52764459
14.30542237 -0.21434182 -6.81046356 3.75201394
14.38218857 -0.27869404 -6.67440793 4.10689262
14.40163346 -0.66943969 -6.68584267 4.22721093
14.36234283 -1.04181840 -6.57887161 4.98406867
