19.33435936 0.20980853 -10.19960499 4.23593703
19.18916664 0.40479898 -10.10928135 4.23254843
19.35755997 -0.30424747 -10.22682114 4.83856335
19.30785294 0.21954060 -10.34542808 3.94185372
19.42120400 0.04745531 -10.50732632 3.50700932
19.47188110 -0.11973423 -10.62449799 3.07574730
19.33628769 -0.30562604 -10.32999477 3.97942014
19.25782433 -0.68177843 -10.33084831 4.18674965
19.55909118 -0.92678052 -10.38870201 3.85444908
19.37040405 0.20214326 -10.04946899 2.95083103
19.45294151 -0.04928550 -9.98787975 2.92541651
19.25323334 -0.16129400 -10.04164486 3.25950494
19.37608719 -0.30682768 -10.12343083 3.97407460
19.34317894 -0.69399896 -10.17443886 3.66203046
19.46251564 -1.05277009 -10.24178924 3.86550503
