21.57095375 0.19164979 -8.86278953 3.88025332
21.60570068 0.39126106 -8.72552318 3.90657692
21.58523407 -0.33107215 -8.84347706 4.75412884
21.41595726 0.20822530 -8.79319420 3.74383202
21.39268799 -0.06406677 -8.75704804 3.48251619
21.53981018 -0.23218393 -8.66236458 3.04117699
21.47746925 -0.33107263 -8.80604878 3.80357227
21.43388900 -0.69686835 -8.84352398 3.87673082
21.41051827 -1.04513612 -8.98431511 3.45191831
21.71918945 0.18806336 -8.94032783 2.76243424
21.79451713 -0.07410103 -8.98961296 2.98500986
21.86117363 -0.30190285 -9.00440750 2.79657335
21.69284172 -0.33144029 -8.88094750 4.09776764
21.78683090 -0.68885520 -8.85547505 3.35841498
21.89070168 -1.04883341 -8.89030895 3.59806385
