18.89009209 0.19950406 -9.52912788 4.15732536
18.71463127 0.41272628 -9.47902279 4.35826883
18.88879700 -0.32733054 -9.51918774 4.90289135
18.88493309 0.19679712 -9.68848534 3.79723692
18.89489135 -0.07198529 -9.74307938 3.57476678
18.80258331 -0.29100430 -9.70799923 2.98754292
18.90616913 -0.34005903 -9.62332077 4.07628298
18.92159233 -0.70434620 -9.58981857 4.19210558
19.01447334 -1.05848067 -9.55864811 3.99401216
18.89641037 0.20086389 -9.36944008 2.88212557
18.91996651 -0.06955320 -9.30911216 3.02103767
18.84144363 -0.29290193 -9.31134625 3.06966662
18.87706413 -0.32930014 -9.41279220 3.94559603
18.73320656 -0.67118076 -9.38880348 3.77254200
18.70344429 -1.03769836 -9.37321243 4.12267342
