25.30269814 0.23781300 -3.39344192 4.53628111
25.31474113 0.43400764 -3.55283451 4.27568913
25.33881950 -0.30349305 -3.40900517 4.91408730
25.42750740 0.23657376 -3.29520750 4.03017426
25.51883507 -0.03512802 -3.31738615 3.93628001
25.56652832 -0.20028597 -3.47763944 3.34862852
25.40312576 -0.29489848 -3.32294965 4.06611300
25.43303680 -0.67603356 -3.35495710 4.14272690
25.18713188 -0.93058050 -3.22183919 4.29448557
25.16867256 0.23644242 -3.47958183 2.86790991
25.14623833 -0.04780574 -3.51816106 3.04085183
25.18823242 -0.27042282 -3.58887243 3.87568259
25.26129532 -0.30978486 -3.48788428 3.80011916
25.36287880 -0.68840080 -3.46330237 4.19225740
25.33740616 -1.06230247 -3.37561679 4.22455072
