25.82346115 0.20305481 -4.86118765 4.11938295
25.81318627 0.40741227 -5.03642187 3.68821531
25.77712555 -0.33410021 -4.85182591 4.47592449
25.98966942 0.19947595 -4.87037001 3.94969497
26.13415337 -0.01340826 -5.01480894 3.35803552
26.24181671 -0.14786351 -5.17837315 2.37040849
25.89087143 -0.32771614 -4.85702067 3.66592984
25.97338143 -0.69488721 -4.85953627 3.99534035
26.04036674 -1.05981455 -4.72864428 3.01293196
25.65725250 0.20191269 -4.85722675 2.70145168
25.58178787 -0.06424058 -4.88193455 2.77421613
25.59322014 -0.29048318 -4.93049698 3.80090051
25.66714020 -0.33239541 -4.85818024 3.74597955
25.57962761 -0.68226828 -4.99164381 3.38690715
25.46187782 -1.04790184 -5.02414656 3.31062842
