18.06592942 0.23001142 -6.13784256 4.34050751
18.10063667 0.41871223 -6.23220434 3.52595406
18.06024895 -0.27420436 -6.19305439 4.74335518
18.13327408 0.22023218 -6.01506109 3.93556347
18.19065323 -0.03536340 -5.99629469 3.86269789
18.26632995 -0.26763981 -6.01403856 3.50712061
18.10843811 -0.27676972 -6.09793329 3.80592246
18.14694062 -0.66024220 -6.11538201 4.24116116
18.10144806 -1.03979893 -6.08966265 4.59775924
18.00058746 0.26552191 -6.25473499 3.66060691
17.88218346 0.21546621 -6.42203722 3.22240619
17.99827919 0.37622371 -6.34149732 3.74301558
17.99993248 -0.27276586 -6.28215342 3.92511058
17.93865357 -0.65411951 -6.28419094 3.86659947
17.78145103 -0.96802539 -6.12580910 4.16146183
