18.59780579 0.20702566 -7.84915695 4.42017393
18.51921692 0.39968431 -7.88919268 4.11070423
18.58284264 -0.28489662 -7.85294504 4.90634956
18.62396011 0.19856650 -8.00538540 4.09680901
18.64244309 -0.04965870 -8.08290444 4.06522636
18.57577477 -0.24796559 -8.07296124 4.33328438
18.57438126 -0.28942351 -7.95699368 3.97975759
18.41377144 -0.65486397 -7.96517896 4.44741268
18.44074059 -1.01772461 -7.99676399 4.53940544
18.57339973 0.21456782 -7.69443484 3.15055585
18.54104080 -0.01995602 -7.58756123 3.50157118
18.43556176 -0.21555150 -7.56654949 3.94622440
18.58925743 -0.28631843 -7.74903889 4.01404534
18.58264580 -0.67817636 -7.80564604 3.70720897
18.64509888 -1.03850091 -7.84974165 4.40610390
