20.69496231 0.17746803 -6.43012695 3.70447054
20.82735863 0.37529779 -6.49117765 3.89738126
20.65115738 -0.28586430 -6.44001674 4.65826130
20.72724876 0.17936499 -6.27654820 3.80882440
20.60133553 -0.00479094 -6.13609848 3.52946243
20.74665642 -0.15928510 -6.18315420 2.80844726
20.67197304 -0.28394772 -6.33316822 3.92274533
20.91778107 -0.60387311 -6.43425731 4.35505953
20.83015251 -0.96059875 -6.41529550 3.98247976
20.66997680 0.17694024 -6.58677988 2.82782831
20.71055984 -0.04104652 -6.71063614 3.02014165
20.92734413 -0.03552745 -6.65629454 3.39551745
20.61759033 -0.28584560 -6.54289990 3.87885504
20.44110375 -0.65912535 -6.54946088 3.79339447
20.19343872 -0.94061771 -6.50577793 4.18809681
