26.45088318 0.24021195 -5.10690216 4.47371334
26.31582321 0.43571825 -5.17165350 3.84901776
26.44603897 -0.29638898 -5.12305267 5.02230337
26.49427490 0.24180807 -5.26245522 4.05391661
26.55315254 -0.01679342 -5.34358813 3.85559105
26.56217377 -0.25270075 -5.36961054 3.24654387
26.46905869 -0.29637408 -5.22755108 4.29393307
26.39706688 -0.70198416 -5.23758322 4.60453857
26.46828499 -1.06874490 -5.21664053 4.08944762
26.40561516 0.23801929 -4.95031473 3.20248314
26.37960296 -0.02593883 -4.87369985 3.22503570
26.31434464 -0.26143666 -4.90232525 3.10744303
26.42385590 -0.30202417 -5.01528466 4.03674145
26.35450233 -0.69213528 -5.04844610 4.03471276
26.54722900 -1.00814998 -5.05764454 4.09208709
