15.63233089 0.21871983 -9.19897652 4.16338778
15.45067883 0.40278679 -9.14567280 4.21948004
15.65971184 -0.31440279 -9.18156147 4.86708498
15.63336563 0.21927452 -9.36107445 3.97461605
15.63631344 -0.03580983 -9.43021202 3.65071392
15.47397232 -0.06278336 -9.26874352 3.40321565
15.66732025 -0.31926340 -9.28752708 4.01294613
15.67768097 -0.69284177 -9.25725269 4.41652489
15.77890778 -1.05053079 -9.21625233 4.06421852
15.62933254 0.21441366 -9.03846359 2.95052576
15.70969391 -0.02149067 -8.95613575 3.08291364
15.54265118 -0.14630643 -9.02965832 5.25958776
15.65627956 -0.31351960 -9.07432842 3.79157543
15.58003807 -0.68452114 -9.08080864 3.74647665
15.55929661 -1.06485736 -9.09759521 4.55771351
