13.98795566 0.19046676 -9.30065995 3.97822175
13.85088253 0.43775057 -9.23665390 4.56327457
13.96443157 -0.32531063 -9.31939754 4.86742763
13.96876927 0.19937319 -9.45908604 3.84046392
13.97840023 -0.05696724 -9.55412750 3.62332968
13.88867493 -0.27368444 -9.50365200 3.44387674
13.95990010 -0.32572617 -9.42448120 3.86614823
13.91069145 -0.69191348 -9.47813549 4.28620577
14.00350856 -1.05103920 -9.54743576 4.30496159
13.99514332 0.18043013 -9.13694134 3.02313642
14.00298691 -0.08621392 -9.06984196 3.20830469
13.91795864 -0.31175082 -9.06888656 3.36130891
13.97614632 -0.33102524 -9.21224175 3.95589400
13.94503269 -0.69840570 -9.20455819 3.67836375
14.00574398 -1.07103367 -9.20108452 4.30765877
