21.23699188 0.21724661 -8.84208107 3.86066008
21.37298203 0.41617358 -8.87235260 3.85614181
21.26991844 -0.30503520 -8.82545567 4.74185991
21.19688988 0.21783333 -8.68403530 3.53407955
21.16052055 -0.04595590 -8.63628292 3.34900093
21.16633224 -0.27391267 -8.60613251 2.38111448
21.25105476 -0.30756962 -8.72234821 3.69676256
21.37149811 -0.65290076 -8.67623615 3.73174286
21.28038597 -1.02731407 -8.65344048 3.78223395
21.27049255 0.21616128 -8.99987888 2.77306128
21.32852936 -0.04296120 -9.07447529 2.87552786
21.44119072 -0.23445347 -8.99936485 3.02158308
21.27060699 -0.31317466 -8.93308353 3.89156103
21.19476891 -0.67007536 -8.90869045 3.19472361
21.09477043 -1.03548205 -8.91333580 3.84076929
