25.47419853 0.28625839 -5.63185644 4.25832701
25.58607063 0.51638798 -5.65147829 4.73169822
25.51383934 -0.22992858 -5.63754081 4.98671494
25.45087166 0.29371601 -5.47937584 4.08558188
25.35278549 0.05529668 -5.43974485 3.78394394
25.32190628 -0.14710889 -5.41691236 3.50937281
25.49494133 -0.23669021 -5.53055067 3.79988470
25.56196861 -0.62111033 -5.48130188 4.23716698
25.41499787 -1.01476666 -5.42024670 4.09146528
25.49507789 0.28218980 -5.78565101 2.98010516
25.50632743 0.03345254 -5.84005651 3.20504761
25.53970299 -0.18956814 -5.84347649 3.55128231
25.52436943 -0.23294311 -5.74554148 3.93425007
25.54319000 -0.62882287 -5.73068676 3.56803875
25.43348656 -1.02407758 -5.76724567 3.89642840
