22.06933975 0.21095417 -3.61677742 4.12961769
22.02990532 0.42501464 -3.76359868 4.02751827
22.08772850 -0.31473964 -3.60434532 4.77438450
22.20435333 0.20588183 -3.71442604 3.66160822
22.24829865 -0.06958931 -3.73038864 3.51392365
22.21877098 -0.29968891 -3.77751064 3.05835032
22.19169235 -0.31250793 -3.65161872 3.81309843
22.30113792 -0.66952527 -3.67765045 4.25348616
22.44491768 -1.03410113 -3.65319252 3.96410847
21.94457817 0.21634433 -3.51922464 2.86855507
21.89506340 -0.05445284 -3.48937440 3.07949209
21.85055161 -0.26970381 -3.55938625 3.20772791
21.98474121 -0.31372410 -3.55297780 3.88359404
21.85694313 -0.66867369 -3.57831097 3.71265125
21.79009438 -1.04444277 -3.47095370 4.12209797
