23.65177727 0.24427322 -5.39703274 4.09878922
23.74213791 0.43341726 -5.26921225 3.81337929
23.67384911 -0.29895872 -5.37940693 4.53939581
23.53887939 0.25993717 -5.28773022 3.95237827
23.61657333 0.14731237 -5.07626390 3.82874441
23.68296814 0.35076258 -5.14217520 3.28765297
23.61403656 -0.30212885 -5.28912783 3.67437220
23.64086914 -0.67782992 -5.21538734 3.99232244
23.60050964 -1.04994953 -5.14532614 3.43595624
23.73372650 0.23265757 -5.52796984 2.86490726
23.83036041 -0.01480249 -5.57784367 2.83446312
23.91530991 -0.19903290 -5.45637274 2.50986910
23.72108841 -0.30038095 -5.47827101 3.83168364
23.72098160 -0.68600160 -5.47127581 3.40849447
23.64545631 -1.05549109 -5.57235384 3.38754749
