26.05929718 0.22541754 -9.87188664 3.87475872
26.09895363 0.41180968 -9.72585048 4.07618952
26.09756470 -0.30910695 -9.89370308 4.76583529
25.93620834 0.22036547 -9.76951695 3.78844624
25.84696083 -0.03166665 -9.77930413 3.48971238
26.03189392 -0.01046474 -9.70697593 2.86677656
26.01440544 -0.31639231 -9.82232018 3.84271560
26.05616875 -0.69042588 -9.78019581 4.11528726
25.94233818 -1.03448105 -9.90132656 3.21704068
26.18640861 0.22596175 -9.97079201 2.70987959
26.23220710 0.01911708 -10.12498245 2.81018744
26.26495285 -0.06059269 -9.93377990 2.80508528
26.18200112 -0.30876233 -9.96490765 3.94350262
26.28138085 -0.67291641 -9.92774906 3.28598671
26.33499298 -1.04137008 -10.05433197 3.67057848
