22.61807060 0.24891476 -5.19060411 4.20547085
22.48724060 0.44198501 -5.10868625 4.15039597
22.63331299 -0.27110670 -5.17905312 4.79537754
22.56413536 0.24308120 -5.34628687 3.82420955
22.54946289 0.00994902 -5.44425993 3.62976962
22.43772773 -0.01551997 -5.25663423 4.03136015
22.63380890 -0.27437966 -5.28381729 3.76802568
22.68089256 -0.66028577 -5.26074963 4.15932102
22.85816650 -0.99227734 -5.23158732 3.75204687
22.67154808 0.25695386 -5.02972889 3.07536612
22.72934303 0.02056837 -4.97545509 2.99712181
22.55082359 -0.09243089 -5.00656996 3.52861132
22.63014526 -0.27095605 -5.07533760 3.81217918
22.51545601 -0.65008585 -5.08997250 3.64312935
22.57737923 -1.02331560 -5.10007715 4.15671463
