19.86960602 0.23170827 -5.69292011 3.78150015
19.66381073 0.41908663 -5.69618130 4.35298691
19.86511994 -0.27929684 -5.66584301 4.53365193
19.90821877 0.22683481 -5.84389381 3.43391934
20.02444153 0.00965127 -5.91067810 3.25812621
19.82397423 -0.08146358 -5.87805605 2.56562958
19.87539597 -0.28351790 -5.77096691 3.51690965
19.76837349 -0.65577420 -5.76234608 4.13243017
19.76857986 -1.04352405 -5.74843902 4.16378698
19.82863961 0.23691221 -5.54302655 2.86431375
19.84210281 0.02290224 -5.41480150 3.04253268
19.73148575 -0.01237522 -5.61152764 2.93851715
19.85495072 -0.27674159 -5.56185818 3.62237349
19.87762184 -0.65649239 -5.54338141 3.78492961
20.11988220 -0.96521086 -5.48114691 4.02306824
