17.55867882 0.20026703 -7.39073029 4.28926706
17.40652542 0.39762905 -7.40026131 4.39716816
17.57152519 -0.29209324 -7.35067368 5.35251770
17.57315025 0.19198716 -7.52983723 4.14875832
17.56130714 -0.05739105 -7.60325670 3.97098541
17.48663940 -0.27256587 -7.62370530 4.25769015
17.58487968 -0.29841994 -7.45253344 4.28802061
17.50235863 -0.66253225 -7.43374224 4.97577610
17.57016716 -1.00812834 -7.40741539 5.53529673
17.53058320 0.20924576 -7.24954367 3.13289151
17.50600204 -0.03966688 -7.19680433 3.29055605
17.41551971 -0.26130861 -7.19173078 3.80981864
17.56386414 -0.29048051 -7.24683285 4.27682419
17.49230461 -0.66260002 -7.27774305 4.81696376
17.70423546 -0.94457502 -7.35585480 4.91450081
