13.83507176 0.20521458 -8.88156357 3.97908640
13.71470108 0.41315260 -8.95650406 3.98125496
13.81437035 -0.30750965 -8.87560215 4.66167612
13.94818954 0.20326710 -8.98509541 3.51960812
14.04654007 -0.02757116 -8.98495808 3.36992593
13.85261955 -0.10844955 -9.03841114 2.70536647
13.89200287 -0.30714615 -8.95198478 3.85808916
13.87217999 -0.65741269 -9.06338253 4.24563932
13.99601231 -1.01008139 -8.97992211 3.97859211
13.73581352 0.21009393 -8.76156254 2.77124014
13.69295234 -0.01849796 -8.66368733 2.92848106
13.64972553 -0.03781041 -8.89430618 2.30516071
13.73630752 -0.30408364 -8.79915733 3.88171735
13.62652798 -0.66526593 -8.85045090 3.46888700
13.61620388 -1.03907113 -8.75470848 4.06653108
