24.97638970 0.22613715 -5.70105696 4.11946144
24.99762917 0.43077874 -5.86955404 3.78738146
24.98718872 -0.30254100 -5.69010982 4.54429245
25.14368859 0.23156546 -5.68560686 3.75367274
25.24914246 -0.02656533 -5.73700037 3.33991704
25.33945427 -0.21744662 -5.85952844 2.02336326
25.10074425 -0.29978860 -5.69980850 3.74554000
25.15466080 -0.65009538 -5.79576359 3.89165316
25.21412125 -1.03596880 -5.79176321 3.33881183
24.80834465 0.22786037 -5.72107401 2.75974817
24.72470284 -0.03906430 -5.72080546 2.88064318
24.66643944 -0.27188452 -5.72856217 2.04518277
24.87350616 -0.30406650 -5.68450441 3.91684866
24.92011795 -0.67407790 -5.69372072 3.25334215
24.91939888 -1.05063770 -5.60833445 3.45903578
