18.32984543 0.20195208 -7.83816385 4.51431656
18.23665619 0.38887295 -7.80372334 4.24676895
18.29231453 -0.30201176 -7.85462189 5.15409899
18.32856369 0.19409491 -7.99084711 4.26798630
18.32252502 -0.06697732 -8.05992508 3.99464989
18.23254013 -0.30722979 -8.10068417 3.30862808
18.27473640 -0.31468076 -7.96079636 4.12515497
18.18015480 -0.67495644 -7.92279339 4.62176943
18.29857063 -1.02364576 -7.92483330 5.66481495
18.32337570 0.20949230 -7.68894577 2.99961567
18.32494164 -0.04570726 -7.61440802 3.24691963
18.20876503 -0.26276493 -7.60642958 3.54911947
18.30821800 -0.29970008 -7.75007820 4.19519758
18.22769737 -0.67181933 -7.71379852 4.28344250
18.46526146 -0.93790811 -7.78753471 4.46896458
