25.38733062 0.23509448 -8.10731353 3.89895134
25.50343971 0.46722709 -8.14558831 3.87450800
25.41460037 -0.27888566 -8.09650249 4.64942083
25.38920517 0.24526552 -7.94070463 3.44533267
25.34446334 -0.00887174 -7.85916624 3.40812940
25.33826943 -0.23296106 -7.83296566 1.69697909
25.38910904 -0.27951405 -7.98414593 3.63571677
25.43984413 -0.63474962 -7.90613985 3.81051025
25.26504174 -0.96682527 -7.79446182 3.18346634
25.39704857 0.23294656 -8.27532577 2.92723379
25.40838509 -0.02788208 -8.36407928 2.74038510
25.52194748 -0.23724511 -8.37805137 2.22457318
25.42147522 -0.27999562 -8.21030636 3.88405208
25.46272354 -0.64910333 -8.21787452 3.31036072
25.38374748 -1.03384254 -8.21613655 3.37065649
