19.99525452 0.20008030 -8.28468037 4.16339884
19.76661835 0.40223975 -8.29850521 4.04341793
20.01393738 -0.33693206 -8.26468620 4.68747730
19.95143127 0.20090501 -8.43368836 3.77238684
19.92039566 -0.07175805 -8.48108406 3.49385886
19.83506203 -0.29626444 -8.43371258 3.01413045
20.01008949 -0.34047618 -8.37066250 3.84787045
20.03943176 -0.69974830 -8.33594761 3.99973441
20.13667526 -1.06010743 -8.32901611 3.87944865
20.04525833 0.19692445 -8.13320179 2.83651533
20.08041458 -0.07244862 -8.07485142 2.97155295
20.00409240 -0.29557636 -8.05770417 3.09488969
20.01851234 -0.33876572 -8.15855141 3.91474734
19.90849647 -0.67528159 -8.08785744 4.03558407
19.93193283 -1.04751623 -8.03973675 4.03322630
