21.88627815 0.21555606 -5.29558277 4.06344652
21.93315887 0.42591789 -5.43580103 3.90138698
21.82773781 -0.29593623 -5.28124762 4.70091105
22.01915359 0.21630302 -5.22233438 3.80103850
22.03215981 -0.05079508 -5.15597582 3.44759893
22.05200768 -0.29622787 -5.10634851 3.38721514
21.92556381 -0.30128071 -5.23658562 3.93366241
21.99423409 -0.65976197 -5.28899908 3.94531012
21.98005295 -1.04057574 -5.25219059 3.84678984
21.75216866 0.22266845 -5.36743736 2.85420513
21.66459274 -0.03441285 -5.38394594 3.02384949
21.73920441 -0.23832902 -5.49292326 2.83347034
21.72997475 -0.28784293 -5.33011055 3.94019270
21.68634224 -0.66519368 -5.34673405 3.73837805
21.54379272 -0.99841040 -5.20495176 3.95702839
