23.70748901 0.23997965 -7.73254967 4.18054676
23.75836372 0.41303110 -7.89060020 3.65182161
23.71648788 -0.30387014 -7.75961256 4.55525494
23.86233711 0.24651964 -7.68331718 3.88473797
23.91490936 -0.02011669 -7.71854877 3.54901934
23.89871025 -0.20886539 -7.85386658 2.71541023
23.83082581 -0.29763627 -7.74354649 3.91027880
23.91342545 -0.65412569 -7.84420538 3.92649436
23.94209290 -1.04153454 -7.80471897 3.29908681
23.55812073 0.24129713 -7.78906822 2.98553514
23.52838898 -0.01350474 -7.88242435 3.02866173
23.63228416 -0.19725895 -8.02050400 2.90598869
23.60577965 -0.30234501 -7.78518867 3.91573715
23.65428352 -0.67879182 -7.80147457 3.28113675
23.66506767 -1.05863738 -7.73330450 3.34985542
