17.73763275 0.19934811 -9.85849667 4.31458378
17.67597198 0.41017127 -9.76097870 4.28805923
17.72313690 -0.32754144 -9.83247757 5.03962946
17.71978188 0.19819699 -10.01205444 3.93945742
17.78558540 -0.03350151 -10.11259651 3.51501369
17.59522820 -0.02855407 -9.97694111 4.14944363
17.70622253 -0.34219480 -9.93462563 4.05491972
17.59708214 -0.70018846 -9.87145805 4.49036694
17.72422028 -1.04438663 -9.86211109 4.89621544
17.74008369 0.19756687 -9.70406342 3.03801250
17.77516174 -0.02435701 -9.59424400 3.09595490
17.58214188 -0.07138200 -9.68465710 4.48016310
17.73754120 -0.32393345 -9.72616577 4.07795858
17.64764214 -0.69442469 -9.70853901 4.15171623
17.92975807 -0.92113101 -9.81750584 4.28155708
