19.67213880 0.16016512 -7.67880227 4.78505633
19.79812637 0.31942542 -7.79516294 3.93229714
19.56638747 -0.29926523 -7.64681295 5.27919058
19.70548219 0.18291871 -7.54044019 4.42524521
19.74629695 0.00259301 -7.40292872 4.11517282
19.90636693 -0.13872549 -7.39480899 3.97934868
19.55181929 -0.29967796 -7.55213224 4.26959016
19.45463107 -0.66451002 -7.54696340 5.19779954
19.23569577 -0.90415410 -7.49103106 5.07943847
19.62119895 0.14084402 -7.81703817 3.67999095
19.54743414 -0.09211512 -7.92774750 3.63330346
19.55620017 -0.31875745 -8.01874505 4.31068519
19.56251863 -0.30053613 -7.74259802 4.04647897
19.81615815 -0.59782968 -7.68602231 4.59688693
19.66391168 -0.90512166 -7.64202016 4.66473521
