10.30735264 0.22116711 -9.39847050 3.70713863
10.53854522 0.38422152 -9.44084568 3.63996448
10.20704632 -0.27629956 -9.43387928 4.60115452
10.29625302 0.21702797 -9.23850937 3.48810811
10.26051788 -0.04890782 -9.17820816 3.38387456
10.32883225 -0.27470782 -9.18669777 2.70049973
10.17955341 -0.28403649 -9.32638969 3.76869521
10.12590656 -0.68345777 -9.32338619 3.88851166
9.96056060 -1.04273794 -9.31670780 3.48686867
10.31364117 0.21989980 -9.56162014 2.72134599
10.24887943 -0.03838600 -9.64686908 2.85437102
10.26711388 -0.28532792 -9.69580441 3.02423076
10.23489399 -0.27797854 -9.54091873 3.80503249
10.35504456 -0.66910898 -9.51325322 3.51410208
10.26934967 -1.05569758 -9.48484516 3.63508721
