21.09161758 0.25450739 -11.49514866 4.19538307
21.16247749 0.45280260 -11.59186268 3.90389538
21.10344315 -0.28328380 -11.54734612 4.72820997
21.19284439 0.24811879 -11.36577892 3.96612549
21.42814445 0.14153150 -11.47984695 4.08406258
21.45682716 0.26296300 -11.65901566 3.98539543
21.14303970 -0.28830305 -11.44361973 3.92032981
21.22620773 -0.66966087 -11.51933575 4.10737419
21.18661499 -1.05503726 -11.54619312 3.97345114
20.99267960 0.26163885 -11.62369728 2.86923647
21.15692520 0.14805210 -11.78477192 3.20079231
21.37678909 0.27451661 -11.85331059 3.39862108
21.06315041 -0.27788121 -11.65156174 3.91151643
21.19148254 -0.64842987 -11.74676895 3.51507115
20.93665695 -0.88784206 -11.58238602 3.75878739
