26.56606674 0.14819369 -8.54476357 4.52579880
26.66425896 0.32262364 -8.37647247 4.16051435
26.60483932 -0.37147993 -8.68167210 5.24394798
26.39706802 0.13560070 -8.50781155 4.09441519
26.32732391 -0.13471925 -8.57273865 4.29182482
26.34599113 -0.35842088 -8.50306892 3.58697701
26.48794174 -0.37263179 -8.66251564 4.32866383
26.43874168 -0.70993459 -8.52198219 4.65517473
26.34729385 -1.06353784 -8.66917515 4.47577095
26.73148727 0.15863726 -8.56831932 3.15144730
26.83209801 -0.10779974 -8.62976074 3.42766905
26.89859581 -0.30736908 -8.47201824 3.85220861
26.72290039 -0.36347550 -8.70079517 3.92470336
26.89748764 -0.71243471 -8.66452122 4.13144493
27.00493622 -1.09668899 -8.78245449 4.75346088
