21.03435707 0.17331143 -10.77875805 4.23172331
20.94275780 0.37654153 -10.62682247 3.87313061
21.04362870 -0.32219243 -10.75530796 4.78320083
20.87190895 0.17567686 -10.84717026 3.85808010
20.82009582 -0.08282588 -10.93122292 3.44483399
20.76077347 -0.25601876 -10.77940140 2.67997628
20.94938431 -0.32703045 -10.80890427 3.95344925
20.80399627 -0.67321426 -10.73501758 4.11852436
20.75778427 -1.00458254 -10.93299923 3.78019257
21.19514542 0.17322176 -10.71218510 2.86458220
21.30485001 -0.08643011 -10.67659817 3.07059855
21.33746376 -0.29932705 -10.55581932 3.54759335
21.15054321 -0.32999088 -10.71645107 4.07189102
21.20303002 -0.67866284 -10.58417683 3.90047727
21.34204331 -1.03915133 -10.67448158 4.07019816
