25.78920593 0.23501487 -9.45826054 4.23903217
25.85370598 0.43315186 -9.63557644 4.18163690
25.77816620 -0.27966333 -9.50649643 5.12809372
25.90158424 0.24498555 -9.34289169 4.07067509
25.92752724 -0.00320992 -9.26723709 3.73978763
26.08243370 -0.07659146 -9.45102539 3.18356814
25.79405823 -0.28975149 -9.40333863 4.14149227
25.76200371 -0.67805453 -9.49067898 4.54240799
25.51545754 -0.96532166 -9.52491837 4.27552290
25.67739716 0.23848270 -9.57879562 3.07695642
25.59800873 -0.01400982 -9.62121220 3.07945142
25.58655243 -0.22884740 -9.74758434 3.66086855
25.74955979 -0.27262875 -9.60942516 3.97880344
25.90688591 -0.62458635 -9.68084717 4.11987925
25.81492806 -0.97470142 -9.72767430 4.20659571
