26.18757400 0.21794423 -10.66737366 4.41555634
26.04476395 0.42584617 -10.60285301 4.26729532
26.22231140 -0.30623770 -10.70620804 4.80238113
26.11803131 0.22986695 -10.80578861 3.95054398
26.07925988 -0.00365307 -10.93442479 3.58204270
26.00210838 -0.12094525 -10.73708191 2.60487170
26.18262901 -0.30557098 -10.80392304 4.07943363
26.01869469 -0.69459783 -10.69523201 4.14422836
25.95856514 -1.06698613 -10.63684883 3.51633387
26.26402321 0.20911037 -10.53524304 3.28144508
26.22953835 -0.04482354 -10.41620254 3.34826069
26.04722252 -0.09853046 -10.50309467 2.70827799
26.25723724 -0.31178635 -10.60589485 4.03552142
26.31145058 -0.71292676 -10.66104965 3.83246098
26.47011108 -1.06454642 -10.78489837 3.72389021
