20.27952576 0.22354873 -6.93724804 4.02769623
20.38204193 0.39441458 -7.11037216 3.86771894
20.17234383 -0.26965193 -6.89419365 4.65576286
20.35325584 0.23382583 -6.78913927 3.88014088
20.25111466 0.06787599 -6.60449180 3.64470330
20.32563591 -0.15605199 -6.63184576 2.82416630
20.23225555 -0.26598591 -6.80205927 3.96009012
20.42713394 -0.58832301 -6.95896063 4.32772846
20.36586380 -0.95787138 -6.94914474 4.15881767
20.20863418 0.21433239 -7.08951683 2.83718858
20.14768181 -0.02951972 -7.17483072 3.07266979
20.34293823 -0.17687915 -7.25745516 3.24106359
20.09861222 -0.27239522 -6.97496748 3.95013557
19.96382866 -0.64761013 -6.85649138 3.82023673
19.70209885 -0.88261280 -6.71567803 4.23421364
