10.58419761 0.12913630 -5.38352861 3.92184391
10.63237495 0.35086931 -5.28039026 3.97730875
10.61440907 -0.39834884 -5.37734165 4.68201819
10.42413845 0.11459773 -5.36002464 3.69689779
10.37771549 -0.12577798 -5.35303411 3.40408196
10.44826984 -0.11072522 -5.19920779 2.57896180
10.51280708 -0.39430079 -5.33618079 3.91372710
10.48443165 -0.71798594 -5.08430157 4.20507450
10.35245514 -1.08158307 -5.07561302 3.53532772
10.73964577 0.14082005 -5.40617132 2.77856159
10.86603870 -0.08699745 -5.36722679 3.02252493
10.71966133 -0.11356565 -5.21828423 2.33301628
10.71712074 -0.39774405 -5.41971083 3.90569697
10.66786499 -0.79560304 -5.41681824 3.72390246
10.54129486 -0.93943979 -5.74401102 3.93436317
