19.88245180 0.16170702 -7.71070407 4.82057835
20.00795655 0.31956544 -7.82913078 3.92768030
19.78002977 -0.29957243 -7.68022810 5.29781939
19.91734191 0.18379419 -7.57317770 4.43446472
19.96175663 0.00465203 -7.43515913 4.13427127
20.11939676 -0.13934610 -7.42559697 3.96046742
19.76702379 -0.30039208 -7.58589037 4.28032020
19.67429043 -0.66562144 -7.58484622 5.20547844
19.45366734 -0.90076021 -7.52917291 5.11290868
19.82945718 0.14286992 -7.84809283 3.72308713
19.75582970 -0.09041422 -7.95569441 3.65976781
19.76135125 -0.31602932 -8.04692381 4.31500087
19.77475096 -0.30061854 -7.77542642 4.06464612
20.02327667 -0.60042283 -7.72103887 4.61993627
19.87863060 -0.91042505 -7.67589501 4.68861200
