10.03390541 0.06573720 -1.93365254 4.34036484
9.89938526 0.12795637 -1.71002250 3.63019576
10.20905075 -0.38201573 -2.09579439 4.78038940
9.94006634 0.08948037 -2.06553240 3.97707429
9.99622802 -0.12700264 -2.24528546 3.42261801
9.98084774 -0.37784326 -2.25723743 3.16391711
10.13755284 -0.37650318 -2.17995968 4.04028539
9.99827175 -0.74826739 -2.13220530 5.17436695
10.16349373 -0.90393695 -2.43198352 3.97178383
10.13438835 0.04479803 -1.81744769 2.92290349
10.24131584 -0.20759501 -1.84164667 3.35169196
10.20004005 -0.44600524 -1.85869808 4.39999809
10.27663365 -0.39472762 -2.00919819 3.77222867
10.16151772 -0.77306855 -2.02194326 3.85521651
10.21646881 -1.09023986 -2.20325103 4.01852808
