12.09390259 0.18874943 -7.27988958 3.78293504
12.18238926 0.37919758 -7.12177047 3.89024820
12.07528362 -0.32397912 -7.28691540 4.63937798
11.93593617 0.19676696 -7.21348505 3.58417206
11.83537006 -0.06865441 -7.20860405 3.38552389
11.79843292 -0.30218613 -7.15121317 2.60961485
11.99162540 -0.32247638 -7.22194709 3.80886464
12.10180645 -0.68000644 -7.12611532 4.27727318
12.08202019 -1.04824090 -7.20365209 3.78243775
12.24645615 0.17621841 -7.35204992 2.77512856
12.27881146 -0.10755910 -7.38488884 3.04409018
12.31151810 -0.32397582 -7.28938713 3.29369936
12.16583328 -0.32914694 -7.34861975 3.82310591
12.25568371 -0.68364622 -7.24411554 3.72355152
12.00634747 -0.92580311 -7.43257065 3.68940840
