5.80577183 0.07804464 -8.79968929 3.69914365
5.67861128 0.26396757 -8.66432095 3.60378695
5.81657028 -0.44858950 -8.76337624 4.50951624
5.70126677 0.06899781 -8.93301582 3.25778723
5.67480183 -0.19291620 -8.97595215 2.88091445
5.52257538 -0.18447812 -8.79251671 2.14893579
5.74036169 -0.44892186 -8.84211540 3.69265485
5.50387144 -0.72606587 -8.68280125 3.60040092
5.57499886 -1.09589469 -8.81526375 2.88261890
5.91312790 0.08264913 -8.67195511 2.61993861
5.94838476 -0.15978508 -8.53294277 2.97307682
5.71700287 -0.19134595 -8.49063396 2.56281662
5.89892197 -0.44688308 -8.68661690 3.62860513
5.88032627 -0.80305159 -8.52671146 3.11606574
6.15399361 -1.08046007 -8.59037304 3.23683143
