8.69768200 0.20252043 -7.97375622 4.68725414
8.91282615 0.35823637 -7.90379420 4.47227698
8.62675934 -0.29783876 -8.04681969 5.11876669
8.63508377 0.18356814 -7.83585329 4.13760996
8.56553154 -0.07564052 -7.79362002 3.89207955
8.65352325 -0.29013655 -7.71084833 3.44227371
8.59985923 -0.30363485 -7.93213529 3.99471807
8.72441903 -0.67911240 -7.90161724 4.64758968
8.70255489 -1.06242194 -7.85377388 4.48832226
8.77152443 0.21727665 -8.11183872 3.17254119
8.77391205 -0.02738735 -8.21695862 3.21349402
8.87643090 -0.20372412 -8.21927357 4.75728436
8.64475841 -0.28921833 -8.15634327 4.18071556
8.53909130 -0.68734782 -8.12372704 3.99485655
8.28664188 -0.97959427 -8.20979290 4.12829332
