14.40897274 0.16703692 -11.92835522 3.72872806
14.62307644 0.36013529 -11.86506081 4.08015537
14.36465549 -0.33819345 -11.96350956 4.56431961
14.36399460 0.16679910 -11.77771568 3.50691843
14.29411697 -0.08656801 -11.70804691 3.37245750
14.39726830 -0.29701421 -11.70125484 2.67345691
14.32124138 -0.34441277 -11.86551380 3.66458321
14.36679554 -0.72372204 -11.85787964 4.30870771
14.00950050 -0.74879974 -12.00556946 3.61438608
14.44324780 0.16724278 -12.08146572 2.91060376
14.39621925 -0.08970872 -12.16889954 3.06365609
14.58107471 -0.15648144 -12.04756260 3.11661005
14.39653778 -0.33959436 -12.06623077 3.67092180
14.55558491 -0.70797491 -12.04863262 3.96406794
14.43351555 -1.05269384 -12.13564110 3.80441713
