24.22614365 0.21401276 -9.76601619 4.37754078
24.30526886 0.38996929 -9.63831310 4.34878311
24.27727394 -0.25641860 -9.96916885 4.70391207
24.13810768 0.15758078 -9.64687767 3.85908537
24.02450638 -0.07014723 -9.72940826 3.53373642
24.03053398 -0.23710265 -9.83040485 4.07266426
24.21656342 -0.27551922 -9.88152160 3.67964764
24.23849830 -0.66983620 -9.80850601 3.71967039
24.10574913 -1.04939174 -9.80530701 3.06782045
24.29945946 0.27550915 -9.88439407 3.08457198
24.30624771 0.17210560 -10.13830490 2.85501141
24.31700554 0.07714592 -10.35986290 2.71147856
24.32464561 -0.24353578 -10.06939621 3.93338566
24.45165139 -0.62457898 -10.14323158 3.42040162
24.47229156 -1.00060642 -10.32578220 3.68874474
