10.24256172 0.17013852 -9.35453530 3.36145644
10.45319347 0.36415754 -9.34875755 3.58081484
10.17921658 -0.32508404 -9.41238823 4.33431673
10.24064236 0.15303913 -9.19471970 3.23948808
10.38330746 -0.07174560 -9.15125179 3.34790287
10.59941368 -0.06329906 -9.29407310 3.72718711
10.15882492 -0.32637972 -9.30730477 3.44152222
10.14529743 -0.71824052 -9.26723423 3.99567275
9.85078583 -0.98118954 -9.23066883 3.49001999
10.25300045 0.17429946 -9.51639633 2.64584413
10.35945721 -0.06428475 -9.56900502 3.10236273
10.61401863 -0.13320784 -9.49390259 3.28750348
10.19614868 -0.32286496 -9.52017307 3.63869137
10.40021191 -0.68694910 -9.56640472 3.47510824
10.47196465 -1.05791254 -9.61324806 3.59321580
