11.14386788 0.19137538 -9.52756462 3.76696739
11.25041847 0.37608838 -9.39387054 3.81010147
11.13184738 -0.32552258 -9.54000607 4.53965988
10.99085369 0.19788594 -9.44354820 3.48520088
10.86442509 -0.05146300 -9.42161598 3.11404896
10.94882240 -0.25652061 -9.32138061 2.46766181
11.03957958 -0.32894655 -9.48395099 3.62369928
11.03235245 -0.70214993 -9.49768124 4.91077147
10.81919613 -0.94109322 -9.72422867 3.79234323
11.28790531 0.18173151 -9.62777176 2.82540350
11.31333656 -0.07767447 -9.74966583 3.11907653
11.28716717 -0.32095505 -9.81696415 3.33833413
11.22322445 -0.32907353 -9.60210228 3.69097018
11.31314583 -0.68571321 -9.52833233 3.93934851
11.35027561 -1.05514424 -9.56411915 4.14450512
