29.01710357 0.45613253 -9.41171799 4.99279223
28.98983993 0.65320458 -9.33550568 4.41486263
29.08151894 -0.07147752 -9.46776295 4.74077673
28.96342544 0.44670946 -9.27942448 3.98374376
29.13758392 0.43919643 -9.15048313 4.08591208
29.25047073 0.63912931 -9.09534531 3.70328159
29.00980682 -0.07153478 -9.37427483 3.96376353
29.08435059 -0.51717004 -9.40617504 4.74834547
29.02835236 -0.91336921 -9.50982723 4.11773701
29.07744179 0.45342484 -9.54694633 3.18611402
29.29771385 0.52221065 -9.42891636 3.72614050
29.45619812 0.63408416 -9.34473686 3.46260447
29.15485039 -0.06309172 -9.60254269 3.83134289
29.38984719 -0.24039510 -9.44984989 4.11264019
29.19654770 -0.54106675 -9.59343720 3.95938968
