22.63854866 0.16142453 -9.47622471 4.28236809
22.84002152 0.35488967 -9.42705097 4.23363151
22.51630134 -0.31745498 -9.59170131 5.13901405
22.56187286 0.14657540 -9.33663044 4.15893583
22.46692314 -0.10530001 -9.29196243 3.66480284
22.47787742 -0.33544155 -9.26635246 3.64147000
22.48096542 -0.32651243 -9.48916550 4.06895966
22.53018493 -0.68767863 -9.41707821 4.42849636
22.39043770 -1.01964076 -9.43014355 4.25042820
22.71845131 0.16928820 -9.61322441 3.20798607
22.81763497 -0.05251781 -9.71926289 3.34073410
22.93801537 -0.24314989 -9.66606751 4.79188385
22.54097595 -0.31062080 -9.69631310 4.03243256
22.64643326 -0.66628528 -9.70833149 4.18577461
22.47839013 -0.97042067 -9.82063312 4.40599403
