11.80812607 0.24984648 -6.15273218 4.55139714
11.71774177 0.43049109 -5.99372911 4.16356525
11.81357574 -0.29246200 -6.14797058 5.02430096
11.71050511 0.23831424 -6.28380613 3.95312815
11.69051533 -0.03846904 -6.37732468 3.66720133
11.64710083 -0.28561018 -6.37897682 3.36572952
11.75268555 -0.29582007 -6.24332628 4.11485806
11.71279525 -0.66948514 -6.21458531 4.87307625
11.78452454 -1.02052028 -6.26330385 5.20355816
11.90862275 0.24887187 -6.02371320 3.02524977
11.98638230 -0.04062137 -5.99084244 3.13689499
11.95068073 -0.28322961 -5.93832026 3.44562335
11.87142620 -0.29845813 -6.05925722 4.06998320
11.80466309 -0.67327103 -6.04830284 4.34046945
12.00964089 -0.88540103 -6.27259760 4.32104102
