30.11587066 0.22071610 -9.91432152 3.82018809
29.91152954 0.41116798 -9.86553307 3.85234671
30.23504181 -0.29336254 -9.95670547 4.74569273
30.04767608 0.22266725 -10.05945053 3.57353602
30.09727401 -0.03265565 -10.16498566 3.20852433
29.99623031 -0.24624749 -10.14342365 2.83430362
30.20701256 -0.29907395 -10.06910877 3.87534256
30.24391670 -0.68882867 -10.04102459 4.11441288
30.53965302 -0.97292919 -10.06212483 3.56265373
30.18751679 0.22164586 -9.77335034 2.67519388
30.29509201 -0.04414257 -9.72668953 2.95999746
30.34455414 -0.29510716 -9.70015926 3.07053509
30.26504364 -0.29208346 -9.84730034 3.83444843
30.08343849 -0.65738906 -9.82546673 3.32162929
30.16361885 -1.07794159 -9.78562965 3.69245854
