13.12043514 0.16437291 -9.05908241 4.30410185
13.18402519 0.34065220 -9.23018875 4.02854328
13.12521362 -0.34883611 -9.01945743 5.00565891
13.20066376 0.18048046 -8.92241631 4.04668765
13.16877556 -0.03034189 -8.76375637 3.60712786
13.33651238 -0.18292516 -8.82221089 3.55298190
13.17686672 -0.34749711 -8.92362118 4.04921484
13.36007633 -0.69472490 -8.91472892 4.62146396
13.30179634 -1.02262650 -8.75654240 4.45486708
13.06111450 0.14006029 -9.20046215 3.03031106
13.01676598 -0.12222684 -9.25319385 3.06078978
13.14617271 -0.31914247 -9.32213707 3.63039360
13.07586136 -0.34994576 -9.11757889 4.03059087
13.14011097 -0.71462197 -9.19818993 4.09859390
12.88191185 -0.95114072 -9.10876560 4.27348442
