20.47746887 0.26356354 -10.55559101 4.30757189
20.38243065 0.45197724 -10.43719463 3.87663355
20.52125511 -0.25706882 -10.52789555 4.78518658
20.46261825 0.26365270 -10.72249432 3.96112709
20.59819908 0.07160316 -10.83493881 3.51132149
20.45496483 -0.09221281 -10.77940121 3.13878474
20.50041389 -0.25865189 -10.63395824 3.85605077
20.37872467 -0.62503191 -10.60126552 4.20300942
20.52995224 -0.95330394 -10.62634773 3.89364510
20.47978553 0.26445022 -10.38785324 3.04308691
20.51814727 0.03356850 -10.27297516 2.98434124
20.31572800 -0.05998506 -10.32012158 3.27322512
20.54285660 -0.25540676 -10.42288856 4.02939176
20.64621773 -0.63185597 -10.46260891 3.73510275
20.89906044 -0.92220872 -10.53200130 3.99852071
