24.67471351 0.22617688 -7.87112786 4.41170159
24.67117560 0.40323314 -7.69981463 4.29110614
24.71730957 -0.27469935 -7.92953421 5.22601892
24.53420007 0.22439574 -7.94118685 4.24886233
24.56469057 -0.00919256 -8.09596677 3.86018589
24.56844111 -0.24874022 -8.05056848 3.61415190
24.61135908 -0.27813985 -7.96341135 4.12440375
24.54324815 -0.63060491 -7.86438844 4.67922548
24.50024028 -0.98964293 -7.94450338 4.60447178
24.82586980 0.22037880 -7.81737753 3.22988266
24.91830842 -0.04388478 -7.85467445 3.30633777
24.89378525 -0.26447777 -7.77073327 3.92398859
24.82936363 -0.27797085 -7.89859783 4.20722888
24.86425651 -0.66546638 -7.91503369 4.44357147
25.00338025 -0.98557966 -8.03698221 4.97160596
