23.37617836 0.26918510 -9.36045704 4.60897942
23.54514694 0.45630063 -9.32165890 4.23931541
23.36209144 -0.25651375 -9.36714668 5.38569526
23.37499618 0.28162592 -9.18973846 4.48812800
23.28787003 0.04666983 -9.12239933 3.91303086
23.41793976 -0.13010713 -9.16215248 3.69406795
23.34592705 -0.25821119 -9.25621529 4.21464328
23.43251915 -0.61743138 -9.22947884 4.48444424
23.41253357 -0.99545566 -9.25344181 4.94167948
23.38538818 0.26414396 -9.52522602 3.29308295
23.36737137 0.03507348 -9.66151581 3.42022829
23.50587845 -0.12485359 -9.70060691 4.09467268
23.37017822 -0.26169968 -9.47775097 4.24568519
23.45750732 -0.62110443 -9.48633213 4.25707245
23.41524162 -0.98427476 -9.52008648 4.72081089
