21.51711960 0.22294593 -9.67885056 4.20683613
21.38168831 0.41687734 -9.55513764 3.99129233
21.54488487 -0.29756639 -9.66575680 4.73947602
21.50917435 0.22016636 -9.83730564 3.82959747
21.60676880 -0.01190408 -9.93390560 3.36819201
21.63642502 -0.24618815 -10.01617680 2.45656820
21.53381233 -0.30304510 -9.77236710 3.82426453
21.35796700 -0.66176747 -9.75616855 3.94158621
21.27572899 -1.04283003 -9.75342713 3.89308944
21.51792412 0.22983008 -9.51686535 2.92427387
21.47243156 -0.02005147 -9.42237187 2.93519841
21.28434524 -0.15374001 -9.46718750 2.96988535
21.55240707 -0.29649675 -9.55688992 3.98225675
21.65438118 -0.68102375 -9.56862049 3.29288092
21.87310524 -1.00038316 -9.59565659 3.68829012
