9.40980250 0.16687878 -0.74490909 4.33745561
9.45987027 0.28946021 -0.81192351 3.87419185
9.43766514 -0.33648019 -0.73447332 4.76867760
9.47971031 0.17863730 -0.70941041 3.88083110
9.46421990 -0.05989848 -0.65437852 3.51930408
9.48308249 -0.18973004 -0.76058563 2.89321004
9.46945105 -0.33284005 -0.71710119 4.06454580
9.49480583 -0.71994657 -0.73834741 4.55015139
9.60241622 -1.08433299 -0.81255647 4.27178469
9.33500899 0.15137288 -0.77505333 3.16924875
9.29185080 -0.09175735 -0.80438795 3.00416268
9.40299662 -0.19984657 -0.82509650 3.81072189
9.38532039 -0.34213593 -0.74897024 3.79949620
9.33931139 -0.72888620 -0.72380274 3.98328462
9.34007620 -1.08879457 -0.71622395 3.90440613
