12.11919403 0.19858906 -7.26867437 3.82040281
12.20093059 0.38304003 -7.10809402 3.86275072
12.09181194 -0.30525869 -7.27660255 4.60407371
11.95925388 0.20891136 -7.21011057 3.54210367
11.86241627 -0.05549540 -7.19901810 3.36632900
11.84002381 -0.28434603 -7.11601305 2.68535852
12.00341015 -0.30516293 -7.22254104 3.69941392
12.11803379 -0.67443055 -7.12380839 4.30683709
12.08360978 -1.05245829 -7.19992552 3.79498134
12.27324676 0.18226009 -7.33461695 2.79645977
12.31015301 -0.09947075 -7.35937843 3.04772539
12.34938736 -0.32050239 -7.26993389 3.29920988
12.18593445 -0.30969409 -7.33177843 3.81331520
12.28950062 -0.66245861 -7.21436415 3.78297115
12.09852924 -0.93962469 -7.39679108 3.76455479
