23.56519445 0.26565522 -9.31238174 4.60022704
23.63316409 0.42119139 -9.13763904 4.06054179
23.47965877 -0.24929590 -9.42995358 5.47272794
23.45647304 0.27431291 -9.21253776 4.38688437
23.34370105 0.03823211 -9.16992855 4.10992241
23.49323145 -0.06885573 -9.10577710 3.88696814
23.40524292 -0.25575314 -9.34710980 4.36975209
23.48209381 -0.61701997 -9.29651992 4.73378960
23.41718864 -1.00072783 -9.27084986 5.20368799
23.67643992 0.26166023 -9.41721217 3.48683651
23.69304467 0.02116456 -9.52045091 3.62291781
23.72717094 -0.05790477 -9.27720865 5.20246935
23.53882599 -0.24812018 -9.51998043 4.24761566
23.51301320 -0.62501860 -9.55754185 4.34823974
23.46614901 -0.98816806 -9.59538269 4.65546720
