11.80899219 0.25444355 -9.90707340 3.69624004
12.05930748 0.43263807 -9.92156544 3.63998394
11.76288643 -0.24612827 -9.90793247 4.50871344
11.80795154 0.25889136 -9.74256230 3.36942362
11.74388428 0.00168196 -9.66270256 3.32054796
11.82234574 -0.22194606 -9.64594040 2.58166504
11.78147869 -0.24828578 -9.79991303 3.73751001
11.93817177 -0.62425857 -9.82733212 4.19187412
11.73180999 -0.95289121 -9.83781147 3.77580857
11.80409413 0.24572277 -10.07574158 2.67685023
11.74610329 -0.01828549 -10.16323281 2.90230231
11.81707153 -0.25545732 -10.21942139 2.85873151
11.74409428 -0.24882326 -10.01479263 3.62466011
11.77873077 -0.65331560 -10.00650425 3.47265396
11.68816586 -1.03635679 -9.98135567 3.77403751
