10.29784527 0.22001759 -9.39199486 3.73675099
10.53694954 0.38392890 -9.43086605 3.62899504
10.19578858 -0.27615351 -9.43329583 4.59404735
10.27921028 0.21263633 -9.23263626 3.48812609
10.22304363 -0.05269226 -9.17794819 3.38993082
10.25741615 -0.28459078 -9.18223209 2.70589523
10.16368733 -0.28457409 -9.32747231 3.72079602
10.11205616 -0.68205126 -9.32647323 3.86462402
9.95820446 -1.04372432 -9.31869011 3.52294822
10.30800190 0.22074525 -9.55500183 2.74048462
10.22681332 -0.03565840 -9.63685856 2.83073931
10.21644096 -0.27950745 -9.68050213 2.77500768
10.22656326 -0.27743014 -9.53896389 3.81233024
10.34610538 -0.66396351 -9.51799202 3.52063026
10.27049389 -1.05405388 -9.48536968 3.64618592
