11.39723186 0.19898502 -9.76820202 3.57869606
11.64269352 0.37053927 -9.83956299 3.73406787
11.31689491 -0.29510468 -9.79079895 4.50335674
11.42235546 0.20692800 -9.60955448 3.40047121
11.40114441 -0.05004606 -9.50772285 3.25112987
11.55205555 -0.25044123 -9.50583286 2.54699430
11.30067673 -0.29501590 -9.68114071 3.50564585
11.22729282 -0.67673905 -9.67315655 3.82033100
11.03727188 -1.02421300 -9.64994755 3.67002197
11.36456337 0.19193081 -9.92978211 2.60927362
11.22743397 -0.05024724 -9.98410931 2.89817848
11.16621799 -0.29020186 -10.02264309 2.58074770
11.32346535 -0.29836892 -9.90004845 3.87769871
11.49948044 -0.66295690 -9.94559860 3.40019007
11.59942284 -1.04966550 -9.98309784 3.73834906
