21.80125618 0.21953333 -10.97252674 4.06571393
22.02741623 0.37239829 -10.93738060 3.85917244
21.82668877 -0.29189587 -11.00211926 4.87709380
21.72422447 0.22337585 -10.83209133 3.96368485
21.55731011 0.01955331 -10.79034939 3.54225259
21.64112091 -0.19802679 -10.75963803 2.85572968
21.80983582 -0.29689151 -10.89816589 4.02472067
22.00770035 -0.62765761 -10.87854786 4.32481613
22.02618141 -0.98936764 -10.92328205 4.15414200
21.87873879 0.21413062 -11.11377411 3.00406871
21.94572296 -0.03159624 -11.20028153 3.09239846
22.07392044 -0.22662037 -11.17134056 3.18305301
21.84716683 -0.29050646 -11.10646057 3.87458987
21.81613846 -0.66842358 -11.12086792 3.82052417
21.57460022 -0.94810476 -11.20053272 4.02656327
