6.09326687 0.16058711 -9.20740261 3.39085025
6.07739964 0.35752689 -9.03302135 3.68834915
6.08520498 -0.36898722 -9.27868194 4.33873110
5.93522472 0.16154996 -9.19245148 3.26403703
5.84706364 -0.05835107 -9.07861729 2.90936837
5.92440090 -0.14855691 -8.85836391 2.21042276
5.97820788 -0.36669698 -9.26356640 3.52954245
5.98632889 -0.72999065 -9.16160621 4.08063431
5.84442692 -0.94707830 -9.43326797 2.96567354
6.25795422 0.16496117 -9.22876492 2.56179233
6.35947485 -0.06353507 -9.18579445 2.53577304
6.30829134 -0.16119486 -8.98039417 2.70413151
6.19915962 -0.36902801 -9.29305668 3.49306955
6.15467701 -0.72584029 -9.16014920 3.25726204
6.07851429 -1.08662441 -9.26679401 3.24548211
