13.57571220 0.20434855 -4.58277130 4.51880503
13.46113586 0.39169061 -4.45707512 4.82332134
13.62880802 -0.29064292 -4.58413315 5.16587973
13.52319431 0.21027794 -4.74443817 4.30434990
13.57106876 -0.04949289 -4.83759546 3.98194861
13.62711716 -0.28316319 -4.91399193 3.68978071
13.59510803 -0.28768244 -4.69804144 4.28787756
13.47671986 -0.63809127 -4.73203325 4.86622763
13.50394058 -1.02527738 -4.74528170 5.33938026
13.61070442 0.19894905 -4.41631603 3.25785589
13.68045330 -0.06881943 -4.35675192 3.30703640
13.62405491 -0.30725962 -4.31769180 3.57573032
13.66936493 -0.29788125 -4.47098637 4.01917839
13.68858624 -0.66378152 -4.47536421 4.44535017
13.86354733 -1.01439869 -4.42685366 5.06601810
