11.16455212 0.21295585 -4.73633871 3.74158611
11.09594860 0.40175536 -4.56355200 3.89018746
11.19873925 -0.33079597 -4.72730875 4.64007406
11.00409870 0.21463899 -4.80306978 3.47359991
10.87853012 -0.03159263 -4.78967800 3.29148126
10.82135486 -0.20180578 -4.61115112 2.66254773
11.11399460 -0.32853508 -4.79901648 3.77264037
11.11581669 -0.70022482 -4.87223025 4.01231919
11.19010448 -1.06088345 -5.01492129 3.77060661
11.33027534 0.21362674 -4.68202591 2.72226629
11.44274960 -0.04330049 -4.70756102 2.95551004
11.56579075 -0.26670925 -4.68031788 2.94641285
11.28012962 -0.33162368 -4.65414486 3.83028193
11.16803761 -0.67474179 -4.50726299 3.57161245
11.14962063 -1.05509508 -4.43188705 3.71987286
