9.68613052 0.32788849 -2.69592724 4.19359436
9.62882900 0.52613888 -2.67678642 1.82994098
9.64198723 -0.20442491 -2.72604952 4.62620334
9.69831676 0.32898079 -2.84424720 3.81884313
9.53965245 0.49865863 -2.96744804 3.64185486
9.45906201 0.68876138 -2.88055248 3.94750204
9.67185669 -0.20274490 -2.82150354 3.76292267
9.69964065 -0.65980378 -2.84158974 4.29605980
9.92204571 -1.01286102 -2.78330636 4.09086184
9.65142441 0.32492845 -2.54961085 2.87306614
9.43764667 0.51963437 -2.60253000 2.90111742
9.42263184 0.71048019 -2.70447888 3.68944383
9.60622921 -0.20762611 -2.62923823 3.84372105
9.54544258 -0.64921876 -2.61262097 3.44721279
9.57500592 -1.07405422 -2.57125859 3.97448907
