21.20219078 0.16461952 -11.99401588 3.71987891
21.34362984 0.34559270 -11.96562424 3.93124180
21.16051026 -0.33991213 -12.03567467 4.70462484
21.16560135 0.15356838 -11.84114113 3.49903316
21.12867623 -0.09395179 -11.75355606 3.39218874
21.28785247 -0.21922130 -11.89109897 2.69162321
21.14029884 -0.34143409 -11.92812843 3.83893914
21.25864525 -0.67722583 -11.81302776 3.85650120
21.20990410 -1.04253023 -11.71838265 3.96780290
21.23306351 0.17345519 -12.14872207 2.84742736
21.27250405 -0.08133258 -12.23330517 3.02599764
21.44446564 -0.22079366 -12.16914902 3.19997873
21.16615601 -0.33797308 -12.14641419 3.76832819
21.10579224 -0.71039750 -12.15766163 3.53307500
20.83178597 -0.96907494 -12.11062603 4.27778435
