8.82343769 0.22703650 -10.65153770 3.59594679
8.71919575 0.45492864 -10.54174709 3.72495517
8.78404217 -0.31602578 -10.60840111 4.30759172
8.73024445 0.22752262 -10.78087464 3.20067816
8.67080669 -0.04199872 -10.82419052 3.12157779
8.60074501 -0.27591429 -10.78121758 2.66361928
8.73010330 -0.31224380 -10.70685005 3.44940801
8.67695999 -0.67035840 -10.66153851 3.97391033
8.84431362 -1.01093156 -10.78483333 3.20731058
8.91382065 0.22739439 -10.51848869 2.57945294
8.97030258 -0.04580788 -10.45857106 2.77003174
8.94947052 -0.28387240 -10.39149513 2.38931132
8.84033775 -0.32040591 -10.51288243 3.66110544
8.76222325 -0.67216163 -10.48304348 3.07963509
8.78285523 -1.05552130 -10.50517063 3.63298431
