23.21521187 0.24813914 -12.62016392 4.04173136
23.39771080 0.41519567 -12.61009789 4.06385803
23.19760704 -0.27691782 -12.65234470 4.58087015
23.17112541 0.24932985 -12.46485233 3.64526653
23.04880142 0.00781069 -12.41823578 3.45419884
23.12528801 -0.21659820 -12.39756680 2.47061300
23.15202904 -0.28239575 -12.55540180 3.72532964
23.13908577 -0.67716986 -12.59554672 4.17439747
22.83329201 -0.90658844 -12.64207745 3.52225637
23.22506142 0.23742327 -12.78993034 2.91330719
23.11076927 0.00129271 -12.87662411 2.88438702
23.31692696 -0.09097233 -12.95632076 3.14849091
23.23060417 -0.28344816 -12.75863647 3.78815985
23.35628700 -0.64986026 -12.72799206 3.35190105
23.38524246 -1.02891612 -12.75685787 3.50311518
