23.54220352 0.26480651 -9.40603505 4.57163649
23.68690109 0.43283735 -9.28735752 3.86184335
23.44038696 -0.24725689 -9.43795090 5.40670815
23.51856499 0.27722163 -9.24302101 4.45433397
23.41447983 0.04505970 -9.17961579 3.92731066
23.56487427 -0.09066891 -9.24902268 4.11878099
23.40691337 -0.25236590 -9.32974052 4.28887529
23.46753769 -0.62209977 -9.29776440 4.54292164
23.42666931 -0.99554310 -9.26611099 5.07087784
23.57486000 0.25959218 -9.56587620 3.30030089
23.54510651 0.02869558 -9.70551777 3.46407504
23.65541573 -0.13282633 -9.69166699 4.59392266
23.45821114 -0.25037050 -9.54583225 4.21403790
23.49098091 -0.62234902 -9.55707283 4.19303389
23.45616836 -0.98924401 -9.55445976 4.72161875
