28.47656937 0.20195705 -9.65398845 4.03491611
28.53863411 0.39239713 -9.81007728 3.89526100
28.51199417 -0.33591562 -9.69222431 4.91379719
28.56019592 0.21145692 -9.51056347 3.75334044
28.53116684 -0.05062029 -9.44023723 3.60078201
28.62437019 -0.26764148 -9.48589287 3.03487435
28.52847824 -0.33783034 -9.57959175 3.86155892
28.66674461 -0.68696053 -9.53942108 4.01796069
28.72495079 -1.06976681 -9.44091472 3.82358084
28.39286652 0.20824947 -9.80219574 3.13070150
28.32294808 -0.03327953 -9.89968223 3.07701883
28.43138961 -0.24385075 -9.94440842 2.71259146
28.47512703 -0.33227800 -9.79928360 3.98969297
28.57329178 -0.69483612 -9.84872227 3.43694124
28.49426880 -1.09073959 -9.91625748 3.96478357
