30.49135590 0.15163733 -9.99520779 3.99409628
30.24435806 0.33128586 -9.95295238 3.96163082
30.64015961 -0.35734999 -10.04451370 4.99806976
30.45116043 0.14496617 -10.14890289 3.77985215
30.47822571 -0.12943327 -10.21420479 3.56361485
30.29413605 -0.31654105 -10.18304729 3.10107231
30.60777283 -0.35414854 -10.15859032 4.02943993
30.50540924 -0.75787139 -10.08797741 4.43211508
30.69561768 -1.09756660 -10.09576416 4.07452297
30.53654861 0.15403521 -9.84021759 2.86975670
30.65037918 -0.10880715 -9.79408073 3.09844089
30.70091438 -0.35514271 -9.74920082 3.09033251
30.67361832 -0.36176497 -9.93145180 3.98271251
30.48082161 -0.74544394 -9.89479351 4.06462765
30.83411980 -0.93356901 -9.93293571 4.17548132
