8.52931519 0.17533483 -10.39717121 3.62542286
8.66921653 0.34810310 -10.27995282 3.69837065
8.40983200 -0.30133823 -10.56535835 4.28533945
8.41352520 0.16816433 -10.27473927 3.28519068
8.25493622 -0.04444079 -10.27497501 2.96153631
8.47461261 -0.12599817 -10.28049602 2.26700058
8.30969105 -0.30034511 -10.52124100 3.35091343
8.24149284 -0.68803177 -10.53549156 3.65452905
8.09938736 -1.06254349 -10.59999237 3.10825281
8.65633793 0.18373470 -10.51251316 2.75304165
8.67858753 -0.01444529 -10.69217090 2.78870850
8.67276783 -0.14118847 -10.51329975 2.57322049
8.50886497 -0.29899750 -10.62274151 3.72141757
8.60876618 -0.68086682 -10.57595615 3.11033001
8.64128990 -1.07882719 -10.62343922 3.53178301
