19.41921006 0.20867374 -6.81960688 3.84308338
19.59615517 0.39468738 -6.85058279 4.04675236
19.39680824 -0.28740127 -6.84353952 4.72307873
19.41031799 0.21446950 -6.66013832 3.83494205
19.42591515 -0.03246414 -6.56626759 3.58083062
19.57097168 -0.22310334 -6.52628679 2.65067258
19.36906166 -0.28807586 -6.73442154 3.67668290
19.31833954 -0.66758614 -6.71405401 4.33533602
19.14432030 -1.00822453 -6.65890102 4.13098049
19.41778411 0.20690403 -6.98196888 2.83670106
19.34088020 -0.04436293 -7.06952019 3.08192949
19.30044517 -0.28601259 -7.12055664 3.36273561
19.41137505 -0.28668269 -6.95263872 3.85698829
19.57972793 -0.64192201 -6.96253481 3.60190745
19.67667847 -1.01884272 -6.95453720 4.15572443
