28.74674988 0.23390458 -11.79047604 4.34053002
28.51928139 0.38760018 -11.83038959 4.17261419
28.72906075 -0.31623812 -11.76782608 4.71545868
28.75680962 0.23312075 -11.94234047 3.43738651
28.63105049 0.02122082 -12.07501679 3.73638411
28.50664482 0.02192699 -11.89520607 2.79288387
28.68616486 -0.31470067 -11.86599159 3.66018801
28.56374283 -0.68971676 -11.83338985 4.12165384
28.63709145 -1.07045246 -11.90031624 3.47913265
28.74540482 0.24241461 -11.63478546 2.95520868
28.58830299 0.02778670 -11.58658848 3.03390622
28.42901497 0.00435736 -11.76400261 3.45313249
28.76745530 -0.31693190 -11.67187729 3.96913352
28.78027268 -0.69804221 -11.74724541 3.67168183
28.98709259 -1.01507225 -11.80971088 3.97515621
