21.28790474 0.20827083 -11.66776848 3.79559088
21.41831970 0.42732865 -11.62382698 3.99214935
21.31053925 -0.30598372 -11.71147442 4.61319971
21.25506973 0.19887522 -11.50842285 3.58754468
21.29797745 -0.05672293 -11.45534801 3.26343703
21.50131607 -0.05163839 -11.58360958 2.80227184
21.29512787 -0.30976194 -11.60280704 3.74366593
21.34463882 -0.69255579 -11.58437538 3.95095325
21.21652985 -1.05237603 -11.56260681 3.76535988
21.30921745 0.22208731 -11.82983780 2.90677667
21.34318352 -0.02986809 -11.91007137 3.01479006
21.52766609 -0.03165936 -11.76708603 3.19153214
21.32149315 -0.30773222 -11.81964684 3.84705305
21.44150925 -0.66756964 -11.91590118 3.44457412
21.45505142 -1.04364514 -12.02154922 3.72728634
