26.41841126 0.21165117 -10.79760475 4.18198309
26.29563064 0.38913053 -10.73223190 3.78802156
26.44520492 -0.31510678 -10.83662624 4.89176349
26.38889198 0.22813437 -10.95906429 3.61152716
26.32653351 -0.01485225 -11.06977062 3.53469305
26.26161384 -0.08897064 -10.85820618 3.05028525
26.43129502 -0.31764653 -10.94016323 4.11605244
26.40336876 -0.69430636 -10.92629795 4.29972878
26.69161911 -0.93356035 -11.04517784 3.79755626
26.44744568 0.19504283 -10.63747177 2.92463584
26.49262352 -0.06911172 -10.56993217 3.10930142
26.28247223 -0.06925747 -10.64643345 3.09160743
26.46908340 -0.32594243 -10.73093929 3.94647546
26.42012138 -0.70760988 -10.73619060 3.84303398
26.43394699 -1.09870725 -10.76297913 4.16968136
