12.34359837 0.14757562 -12.24440555 3.82782674
12.59547329 0.32821636 -12.25971050 3.73021378
12.24358215 -0.35678898 -12.27651806 4.52021846
12.30543766 0.14806626 -12.08650990 3.53378658
12.16365891 -0.07175158 -12.02102756 3.18494325
12.29588890 -0.26799736 -12.02727241 2.43837681
12.22384186 -0.36273731 -12.16950455 3.74023170
12.38575249 -0.69788458 -12.16445427 4.23333397
12.08509483 -0.90198158 -12.24949875 3.61671219
12.39281540 0.14474221 -12.40107060 2.85307626
12.41173783 -0.11107128 -12.48585682 3.07221394
12.58109398 -0.24354424 -12.42130832 3.40020390
12.25339070 -0.35309788 -12.38634796 3.78709927
12.24087124 -0.73325875 -12.36804962 3.41192517
12.01083450 -1.03229248 -12.40473938 3.66795659
