6.10420465 0.24356370 -9.07515335 3.88655567
5.92973900 0.32920375 -9.09140015 2.93461919
6.08658886 -0.30869639 -9.04356003 4.35308266
6.13631868 0.24962431 -9.23161793 3.68844533
6.02655935 0.13302164 -9.44872475 3.10231543
5.93235350 0.30085364 -9.25623035 2.62326574
6.10475349 -0.30632764 -9.15244389 3.61288691
6.12669134 -0.70295060 -9.14455414 3.51657867
6.22655678 -1.07806230 -9.09752750 3.26754451
6.09277153 0.23120333 -8.91084671 2.45859218
6.16421175 -0.02420854 -8.81386566 2.70695877
6.14538574 -0.26662830 -8.83969975 2.71158767
6.06188440 -0.30965537 -8.93277931 3.64111853
5.97442436 -0.68505514 -8.86609173 3.16157913
6.08072424 -1.05781496 -8.76011086 3.33806801
