27.67660408 0.22690766 -9.09502296 3.98319297
27.82254105 0.46337876 -9.10663681 4.13837147
27.63959732 -0.29433084 -9.11636677 4.38111744
27.66674690 0.23455244 -8.92384987 3.42166867
27.59974365 -0.02860198 -8.85697250 3.17069397
27.77684212 -0.15037663 -8.94194183 2.14432852
27.60716133 -0.30126331 -9.00484467 3.47529979
27.60115280 -0.68929058 -8.96555500 3.69184565
27.51346741 -1.07875929 -8.94047165 2.84966202
27.68839188 0.21323107 -9.26850071 2.86888571
27.64472466 -0.05448572 -9.34262237 2.77476392
27.82413025 -0.11068245 -9.17481918 3.48221579
27.65884132 -0.29765327 -9.23104286 3.62023363
27.78012810 -0.65625664 -9.23801746 3.28014931
27.73225059 -1.04825418 -9.27612667 3.49256983
