12.58974628 0.18333086 -5.56825380 4.11505775
12.47034244 0.38828924 -5.62193203 4.20557585
12.57092762 -0.33107120 -5.56297435 4.78399115
12.66261673 0.18801790 -5.70747824 3.75060320
12.77179814 -0.06008028 -5.73550205 3.66284280
12.83004150 -0.29342129 -5.77428789 3.29883523
12.59673004 -0.33462444 -5.66532517 3.87748737
12.48262997 -0.69682641 -5.65609703 4.25172395
12.48501892 -1.07169585 -5.65360002 4.10871172
12.51895618 0.17358311 -5.42551565 2.92903948
12.45633983 -0.08912904 -5.38098755 3.11804686
12.37169876 -0.31678940 -5.38172827 3.12132397
12.54900436 -0.33197237 -5.46176310 3.84142375
12.61164646 -0.70290208 -5.44678631 3.73797827
12.72694168 -1.06039811 -5.41450444 4.37361316
