10.01012001 0.14831723 -1.91596270 3.76245523
10.21887131 0.30496768 -1.85660436 3.71999402
9.97065887 -0.35771146 -1.95316982 4.42358360
9.96417294 0.14335417 -1.77026190 3.69568463
10.03711814 -0.09171148 -1.68420427 3.44027362
10.25515098 -0.10984927 -1.80788415 3.30812559
9.90579567 -0.35265556 -1.86800680 3.78074512
9.90163918 -0.73098650 -1.88172770 4.16030693
9.86242733 -1.09548877 -2.03034778 3.87940111
10.03747330 0.14610729 -2.06480903 2.81446295
9.99435539 -0.08075044 -2.20508323 2.96419186
10.01285209 -0.27914392 -2.36030326 2.75791040
10.03595867 -0.35682463 -2.03912058 3.74286976
10.15681038 -0.69382421 -1.81860778 3.74323382
10.13513756 -1.08183999 -1.87501864 3.84974923
