12.23379135 0.18876238 -6.27658415 4.22034454
12.09233952 0.41183341 -6.33724022 4.24950218
12.22391415 -0.31896365 -6.28723955 4.87746572
12.29371262 0.18833569 -6.41216183 3.88962054
12.29292583 -0.06402265 -6.48329687 3.66079021
12.17716217 -0.26880869 -6.50494385 2.96322823
12.26442623 -0.31732905 -6.37943506 4.01814032
12.25155067 -0.69157982 -6.39729071 4.41798687
12.48451805 -0.96710640 -6.30191040 4.15109158
12.17952633 0.18561244 -6.13228750 2.93023157
12.16770458 -0.07994134 -6.07517958 3.13152170
12.13488483 -0.32180643 -6.06899071 3.28710103
12.17766380 -0.32200164 -6.19733524 3.83109832
12.13727379 -0.69019848 -6.27495241 3.89900303
12.17975235 -1.05857074 -6.31097507 4.20638990
