24.13916206 0.22857850 -5.13532352 4.36801253
24.17514419 0.40974978 -5.28007012 4.27266197
24.10363617 -0.26239636 -5.10230646 5.09019537
24.26967850 0.23376503 -5.20478935 4.03631153
24.32269364 -0.00183456 -5.28233280 3.74915209
24.08737869 -0.04451122 -5.28832026 3.58296137
24.22114220 -0.26705259 -5.11008673 4.34490633
24.17675514 -0.65703410 -5.07995053 4.58675928
24.11193161 -1.02481461 -4.91581946 4.44390392
24.00275917 0.22132030 -5.07697954 2.82030697
23.96328316 -0.02845690 -4.98566971 3.19957810
23.89029045 -0.26574661 -4.97186785 3.61442141
23.98985863 -0.26404914 -5.09552135 4.02623453
23.97313194 -0.62565349 -5.21950512 3.85157566
23.89271698 -1.01140106 -5.18681392 4.13185387
