24.90753403 0.17788423 -4.05478296 4.08803186
24.76239128 0.35445306 -4.10592651 3.67682853
24.99808350 -0.31715613 -4.02840481 4.56511288
24.99750977 0.18468392 -4.18988485 3.49509931
25.14720726 -0.03339249 -4.25100422 3.21588922
25.34231529 -0.17089903 -4.26550998 2.00798442
25.01426544 -0.31980822 -4.13524532 3.71049156
24.88097725 -0.69314272 -4.15130634 3.88333159
24.88643074 -1.06056957 -4.09901877 3.39200725
24.81714134 0.17334318 -3.92058558 2.75878391
24.73929520 -0.08319676 -3.85813127 2.94472537
24.58716278 -0.26930319 -3.93765916 2.79817095
24.97314568 -0.31794079 -3.92507972 3.85944968
25.07503357 -0.69263823 -3.91425028 3.39491511
25.36266251 -0.95036641 -3.84705696 3.45428210
