28.48157272 0.19903230 -5.33826351 4.12503968
28.30277901 0.40512104 -5.29002981 3.78112421
28.52633628 -0.33941103 -5.35013771 4.62734413
28.46970596 0.19093756 -5.49962578 3.59228582
28.54267845 -0.07769590 -5.55047044 3.21510582
28.58948707 -0.31815065 -5.59918117 1.92669683
28.49341583 -0.33651423 -5.45809059 3.81430125
28.37574920 -0.69828364 -5.36957798 3.84603214
28.40845833 -1.09565728 -5.27114830 3.12383623
28.49919205 0.19932919 -5.17602558 2.66572108
28.49866219 -0.07887180 -5.09161606 2.84239235
28.42598953 -0.31307041 -5.02352037 2.78457599
28.56383324 -0.34013242 -5.24471331 3.92089668
28.56844253 -0.70887280 -5.23725796 3.44741087
28.88687515 -0.94790945 -5.38204107 3.37113004
