16.19669151 0.20274186 -6.55764866 4.06418180
16.14583588 0.39943695 -6.71874285 3.89511585
16.16093636 -0.31790727 -6.55404472 4.69649553
16.31721687 0.20325850 -6.66260958 3.68205810
16.35235596 -0.06112545 -6.69424248 3.61413813
16.34796906 -0.29451320 -6.76204491 2.86593795
16.23060226 -0.32528716 -6.63450623 3.79488397
16.16577339 -0.68568331 -6.67224693 4.32752514
16.18250084 -1.04802692 -6.63565493 3.93177581
16.08307648 0.20171779 -6.44746876 2.74307942
16.02820396 -0.06437575 -6.39952755 3.01887965
15.94899368 -0.29063290 -6.42706823 2.81819630
16.09469795 -0.31804296 -6.47472572 3.79877734
16.08504868 -0.68729681 -6.48344326 3.58100033
16.16592789 -1.02502787 -6.35715199 4.00166607
