13.53585720 0.19201838 -1.30872033 4.38276405
13.37736225 0.38716466 -1.31263828 4.36015654
13.51545372 -0.30210492 -1.28417187 5.06336994
13.51217155 0.18667953 -1.45626402 4.18714027
13.51040230 -0.03347210 -1.57579059 3.79208512
13.48503761 -0.24035245 -1.66601331 3.23829579
13.49373074 -0.30667816 -1.38342507 4.08380480
13.38273735 -0.68066939 -1.31977019 4.65604172
13.42095623 -1.05065336 -1.26052802 4.65569077
13.56914444 0.19922093 -1.16138892 3.16967469
13.63601017 -0.02671425 -1.08308888 3.24159088
13.48140507 -0.20495450 -1.03692021 3.53518443
13.52756157 -0.30092679 -1.18274463 3.95459652
13.39619465 -0.66807715 -1.12524433 4.12366276
13.51630726 -1.02432172 -1.10943470 4.72587166
