24.71245651 0.23242982 -5.40918417 3.81191244
24.49035454 0.40507083 -5.40818834 3.74307847
24.74487648 -0.27974778 -5.41379595 4.43992863
24.70332298 0.22598347 -5.56410351 3.48859544
24.68199005 -0.04645277 -5.62351503 3.46433783
24.57442627 -0.27219742 -5.59911242 2.87005997
24.75087967 -0.27948935 -5.52062912 3.47530327
24.75775872 -0.64940691 -5.49001875 3.83226223
24.86993790 -1.03955927 -5.42372742 3.18982716
24.72121048 0.23228397 -5.25285912 2.55625143
24.78063278 -0.03410416 -5.20196409 2.76563835
24.77777862 -0.27715000 -5.17123451 2.37207255
24.73440323 -0.28162063 -5.30587997 3.68038831
24.54279213 -0.60475113 -5.29320650 3.62804089
24.66665878 -0.98619099 -5.28376646 3.66164102
