23.97412281 0.20478428 -4.37454457 4.17785835
23.82545433 0.38519987 -4.46339030 3.93457122
24.04896507 -0.29422219 -4.36899866 4.79635081
24.02836513 0.20133946 -4.52740106 3.66976041
24.08514461 -0.04898372 -4.60515365 3.40860965
23.87598419 -0.06001972 -4.58469953 3.06239224
24.06416416 -0.29378565 -4.47493658 3.81406131
23.98736439 -0.67842873 -4.51291246 4.31111974
24.25553818 -0.92099028 -4.42078595 4.30645785
23.93216534 0.20507470 -4.21378665 2.82565684
23.95765152 -0.04456238 -4.10132599 2.97156412
23.89983768 -0.27460782 -4.07629876 2.84348686
24.02082900 -0.29938236 -4.26434984 3.88716891
23.97892132 -0.68387411 -4.31930041 3.74210355
24.12673435 -1.04421442 -4.34926553 3.87832756
