26.06512909 0.21433851 -3.23828797 4.14000082
25.82807846 0.34395370 -3.16008815 4.00718060
26.17531128 -0.29725707 -3.25484972 4.39189282
25.97318230 0.19481191 -3.35804544 4.02917742
25.93282814 -0.06728022 -3.40422344 3.53435846
25.86998024 -0.15358979 -3.16545592 2.77324595
26.12766304 -0.30251897 -3.35231023 3.83742852
26.18024254 -0.70569750 -3.28775096 3.97428708
26.37866935 -1.03995888 -3.29581456 4.24844794
26.15935859 0.22185449 -3.11412621 2.86579160
26.35204925 0.02582928 -3.10718818 2.79780550
26.20123825 -0.12484722 -3.00453339 3.08387947
26.22545814 -0.29290293 -3.15925369 3.74981442
26.11909828 -0.66190456 -3.03141451 3.59806714
26.31833229 -0.96753977 -3.13117452 3.50639744
