13.74680748 0.18533235 -5.12838755 4.14637012
13.60819740 0.38264628 -5.09768200 4.39129200
13.74225750 -0.32225732 -5.11024761 4.92748270
13.70704117 0.18925157 -5.27926302 4.08508673
13.72248688 -0.03329999 -5.40728826 4.14212532
13.65856915 -0.22652320 -5.37311373 4.56413040
13.73256760 -0.32364345 -5.21488533 3.93109989
13.76041183 -0.70870413 -5.19840669 4.23953200
13.84768219 -1.07343905 -5.18681259 4.36259308
13.78005123 0.18365711 -4.97595682 3.00487637
13.83993511 -0.07241002 -4.91272211 3.14812765
13.82961426 -0.31126419 -4.86639185 3.40020180
13.75625477 -0.32194404 -5.00491953 3.88243446
13.59531689 -0.66571462 -4.91140585 3.93259807
13.56381149 -1.03727019 -4.86142225 4.41789112
