29.44842949 0.08766201 -7.15295305 4.20842495
29.43638802 0.29731465 -7.29848261 3.85054278
29.48961258 -0.40132426 -7.14362536 5.11629515
29.59122200 0.10701340 -7.10245114 4.22043181
29.68688393 -0.12134976 -7.10597687 3.85128722
29.67577171 -0.22214409 -7.33289452 3.37071085
29.54736748 -0.39830157 -7.06056738 4.27623949
29.55288696 -0.77793078 -7.03610277 4.84510975
29.28855934 -1.00993199 -7.03007116 3.97886257
29.30793152 0.07880403 -7.21636581 3.03735552
29.22480850 -0.15722350 -7.21463328 3.19507379
29.30512123 -0.34892229 -7.33835469 3.24876995
29.41883659 -0.41084680 -7.21503410 3.96755066
29.60955772 -0.74890921 -7.29004106 4.21821165
29.69347381 -1.11158056 -7.34579439 4.16244249
