27.15020370 0.20261063 -8.27327003 4.43833638
27.00863648 0.42692750 -8.23582955 3.97753525
27.18172875 -0.29306638 -8.28662414 4.65209789
27.09562263 0.20334351 -8.41267662 4.10204639
27.09757157 -0.05566834 -8.50114975 3.44719639
27.00407982 -0.28575517 -8.46651192 2.68156176
27.13458481 -0.29657511 -8.38199424 3.92741036
27.05729828 -0.66906644 -8.31737080 4.39980178
27.14930420 -1.03682311 -8.34274597 3.75649448
27.20879936 0.20940739 -8.13724670 2.99721718
27.25837860 -0.04573811 -8.05190258 2.88081770
27.18438568 -0.26759027 -7.99224357 2.02433000
27.22794876 -0.29422603 -8.19134102 3.97378168
27.20850029 -0.66776566 -8.16115036 3.69505005
27.46711235 -0.92035773 -8.29671783 3.66414285
