26.53038864 0.18446997 -5.94617901 4.33748217
26.64500199 0.41722013 -6.04233999 4.62053890
26.58273735 -0.33423625 -5.94982014 4.92211189
26.57405701 0.18791787 -5.80006952 3.93461237
26.60562744 -0.08044895 -5.75211954 3.71371818
26.73022423 -0.25346925 -5.81429472 3.30813837
26.59578705 -0.33698680 -5.83691483 3.84873944
26.71763420 -0.67513205 -5.86345225 4.58408689
26.42429504 -0.87447896 -5.73318071 3.85891204
26.49481812 0.17756210 -6.09382839 3.03960886
26.46643791 -0.08866106 -6.15841303 2.98622761
26.65320931 -0.24973585 -6.18175411 3.30785704
26.55792961 -0.33995872 -6.05848284 3.99995756
26.70004120 -0.68371653 -6.07344312 4.12159653
26.59872856 -1.05007820 -6.04768839 4.10323382
