12.22349148 0.25362839 -2.23796268 4.36846523
12.28775406 0.42833767 -2.17391219 4.09959040
12.27295131 -0.27141158 -2.19842243 4.61498470
12.09710770 0.24989365 -2.16725612 4.24296341
11.95286598 0.28248422 -1.96312304 4.07789764
11.88160419 0.37172972 -1.78033727 3.45561929
12.18511009 -0.27234146 -2.13554144 3.84134626
12.15566044 -0.66819367 -2.04536057 4.39743747
12.05152741 -1.04145078 -1.98138809 4.06881743
12.34969749 0.25238694 -2.31962442 3.06477552
12.60261020 0.41081516 -2.25772367 3.93760305
12.62049503 0.62816051 -2.33636517 3.47515197
12.35617123 -0.26801664 -2.26593446 3.80237861
12.54434643 -0.64022526 -2.19651752 3.95513267
12.66666279 -1.02626641 -2.24303050 4.15744991
