9.95541496 0.11695394 -2.54091491 3.69547748
10.13793507 0.29851499 -2.45358429 3.70940003
9.89627151 -0.38770645 -2.52352252 4.46490946
9.89076309 0.13350319 -2.38803701 3.56190891
9.76565189 -0.09360628 -2.29647264 3.29862051
9.70449429 -0.28033009 -2.18331876 2.66988583
9.86016217 -0.38761883 -2.41927323 3.78712048
9.90507889 -0.74284216 -2.27565107 4.08800841
9.84971638 -1.09186551 -2.10731263 3.85619927
10.01361275 0.10550517 -2.69690810 2.69417076
10.04605198 -0.16396796 -2.77486596 2.78883729
10.15974770 -0.37526634 -2.75440731 2.74471665
9.92474480 -0.38983566 -2.63040634 3.67790746
9.92716732 -0.76026913 -2.72089691 3.45780148
9.73243256 -1.09525659 -2.73668485 3.66772852
