15.42553806 0.20796923 -8.16259575 3.85847950
15.30824947 0.42588300 -8.12789345 4.30196095
15.41392231 -0.29405650 -8.11106396 4.65017414
15.37632942 0.20155393 -8.30803967 3.62907839
15.32676315 -0.05995230 -8.35068417 3.71272063
15.24346638 -0.28691357 -8.30442429 2.72930002
15.40321159 -0.30749917 -8.21662712 3.79329920
15.42442131 -0.67534208 -8.19167137 4.10422373
15.47695351 -1.04548883 -8.16456127 3.88675666
15.46718407 0.21916567 -8.01366615 2.65938973
15.53887367 -0.03311483 -7.95756149 3.04812264
15.49952412 -0.25914103 -7.90195560 3.27680779
15.42272377 -0.29468453 -8.00411129 3.84137130
15.32136631 -0.64776903 -7.95633841 3.76528168
15.36860466 -1.02457941 -7.98741388 4.18504477
