13.45416508 0.15495885 -2.13456330 4.69176140
13.22119274 0.25508447 -2.22297749 3.98295545
13.58541603 -0.29169537 -2.15349150 5.14816208
13.48259315 0.16344459 -2.28710327 4.39044056
13.55427036 -0.07319032 -2.35300479 3.79331169
13.41594181 -0.24225898 -2.31266022 3.87322225
13.60758114 -0.29306825 -2.25373917 4.12788887
13.60743541 -0.67955824 -2.31261301 4.91903171
13.76828422 -1.02040474 -2.40145526 4.49329777
13.44976692 0.14017133 -1.97816324 3.41438227
13.52315159 -0.09910652 -1.88855376 3.28638420
13.42341251 -0.25689939 -1.97604189 3.72003784
13.57059174 -0.29754870 -2.05628543 4.00125055
13.38020039 -0.65084512 -1.99322758 4.25554228
13.39130783 -1.01004806 -1.88448381 4.78327646
