26.35519142 0.21145924 -3.47071681 4.01372738
26.13978767 0.34978281 -3.36810665 3.77010379
26.43455200 -0.30946554 -3.47032690 4.44659519
26.26781464 0.20109744 -3.60551114 3.65094409
26.30801353 -0.02704779 -3.76434512 3.20908298
26.21768722 -0.19710282 -3.60173716 3.14952331
26.35039482 -0.31654912 -3.54036522 3.70063634
26.32713967 -0.69587588 -3.36212968 4.08363037
26.36845588 -1.07534676 -3.27445889 3.64472122
26.43496399 0.21517551 -3.33641558 2.76822433
26.58954811 -0.00858330 -3.29900346 2.77298474
26.42364273 -0.11355818 -3.19116020 2.83706766
26.52756005 -0.30215760 -3.41160397 3.71341706
26.63076935 -0.66756087 -3.42180095 3.61470046
26.85706978 -0.91803913 -3.64432769 3.93637190
