14.81903915 0.09681315 -6.29125786 4.60703898
14.90239773 0.25197797 -6.43709507 4.02624111
14.68940983 -0.35182610 -6.24251290 5.23005409
14.89374160 0.10965895 -6.16091776 4.58313827
14.75846997 -0.00577723 -5.97124166 4.08271313
14.76966706 -0.23103896 -5.97250519 3.65712061
14.73739643 -0.34886302 -6.14730635 4.44766588
14.89614029 -0.67885665 -6.28275957 5.07683440
14.84386234 -1.03047550 -6.26531773 4.80326290
14.74782067 0.08811860 -6.41737404 3.34476691
14.69120598 -0.14829305 -6.47927561 3.47909040
14.82175198 -0.22353226 -6.42011738 5.42560129
14.63740844 -0.35328311 -6.33058453 4.02425327
14.50131797 -0.68991431 -6.21642160 4.31604900
14.27030697 -0.90157286 -6.03927469 4.58438673
