30.24547386 0.14867684 -6.93613033 4.54843197
30.14472313 0.40778787 -6.95106287 4.53433333
30.28476715 -0.39011330 -6.95191116 5.60014086
30.40023880 0.15949768 -7.05575418 4.23717995
30.41739197 -0.08349016 -7.21913499 3.39914789
30.19304505 -0.19356082 -7.30246077 3.26405296
30.39521675 -0.39109724 -7.00853948 4.59300260
30.48284187 -0.76311134 -7.01166658 5.12512264
30.65238686 -1.06708007 -6.86451378 5.16323052
30.08556290 0.13736516 -6.86554966 2.95569782
30.06300850 -0.14054928 -6.88003073 2.97630167
30.02402725 -0.35988727 -6.95434685 3.20150471
30.17929001 -0.39520954 -6.92203703 4.17384176
30.14700775 -0.75926652 -6.98983221 4.02279300
30.15506058 -1.12142518 -6.83628702 4.04837541
