26.60213661 0.17942183 -5.97008419 4.28819323
26.72178078 0.42026493 -6.06008339 4.67753029
26.65135384 -0.33587581 -5.97112894 4.89923000
26.63586235 0.18396506 -5.81904745 3.90963197
26.65945625 -0.08742221 -5.77286291 3.72888613
26.77835083 -0.29087400 -5.80529547 3.23327541
26.66698837 -0.33808210 -5.85760260 3.79749227
26.83259392 -0.66670781 -5.90562773 4.56586790
26.54417038 -0.88376594 -5.77381897 3.83547497
26.57760811 0.17009994 -6.12242985 3.06843042
26.56311226 -0.09710831 -6.19998074 3.00471020
26.76266289 -0.25561062 -6.21291971 3.23449421
26.62592888 -0.34217608 -6.07940912 3.97684836
26.75010490 -0.68884385 -6.09625959 4.18267584
26.60346413 -1.05077541 -6.05384588 4.08223200
