13.15566540 0.18344618 -4.82908478 4.04112291
13.00961780 0.38196389 -4.81596842 4.19460907
13.16051789 -0.31115501 -4.83185234 4.94096985
13.13273849 0.18185780 -4.98324823 3.91138425
13.13451843 -0.08087810 -5.04601726 3.73311400
13.08541450 -0.31493602 -5.07715922 3.15458584
13.13960877 -0.31102496 -4.93267899 3.89864464
13.04782276 -0.67727853 -4.90459347 4.54165888
13.08271218 -1.04631662 -4.86810799 4.28981705
13.17909622 0.18498763 -4.67352028 2.97399063
13.21907177 -0.06932241 -4.59039240 3.18986378
13.17317962 -0.30393046 -4.54196053 3.28134022
13.18517380 -0.31826285 -4.72948408 3.90638008
13.22672081 -0.69257739 -4.77411652 3.95827666
13.37161522 -1.03838630 -4.84192714 4.56616144
