26.42265549 0.17998813 -6.27187471 4.25282135
26.48454780 0.37487556 -6.45434961 3.67449083
26.41808433 -0.30869115 -6.26589126 4.67723608
26.49106979 0.18782725 -6.14151812 4.09490108
26.49407082 -0.06074028 -6.09106512 3.72093486
26.57020188 -0.28139724 -6.09476586 2.52074532
26.41919594 -0.31497936 -6.15719366 3.86824937
26.47061043 -0.68445721 -6.17515573 4.37199364
26.26174087 -1.03742318 -6.19546261 3.52972107
26.36082459 0.17856455 -6.40730571 2.98259492
26.28112411 -0.05781170 -6.48129368 2.83894124
26.40345917 -0.24509102 -6.47986107 2.61152267
26.39546394 -0.30916039 -6.37084742 3.84913759
26.52974968 -0.66437776 -6.36608372 3.62327309
26.28186074 -0.96008104 -6.32880554 3.65455670
