15.73237591 0.18884357 -9.75982914 3.94733958
15.63259029 0.37992996 -9.69848594 3.98395987
15.70903549 -0.32059706 -9.76269169 4.49459877
15.70445327 0.19909238 -9.91880455 3.74374719
15.64592419 -0.06035629 -9.98400574 3.46003928
15.49421635 -0.21365792 -9.88216038 3.14137664
15.71568089 -0.32178807 -9.86721897 3.61580157
15.72490444 -0.68981968 -9.85478172 4.15719604
15.91712627 -0.98816125 -9.80324936 3.89956241
15.74928589 0.17122133 -9.59534340 2.75050387
15.79549179 -0.09306062 -9.54485454 2.95072412
15.78113346 -0.33142129 -9.53641815 3.17758579
15.69850941 -0.32526062 -9.65841732 3.75001993
15.56776810 -0.67498834 -9.67388859 3.56661758
15.59041862 -1.03431072 -9.65138817 4.03087120
