13.01295280 0.18920074 -5.67333794 4.06481743
12.88867474 0.39317665 -5.72745705 4.20491409
12.98170471 -0.31421015 -5.66624832 4.73714304
13.02178860 0.19857860 -5.82882881 3.78096843
13.02486897 -0.05860718 -5.89734983 3.56355143
12.89715385 -0.26665682 -5.91601229 3.17122936
12.99989796 -0.31647652 -5.77299309 3.89508533
12.99372578 -0.69233418 -5.79412842 4.25620556
13.06788826 -1.06426871 -5.77160406 3.98885250
13.00704384 0.18191943 -5.51502323 2.93647456
13.01146412 -0.07357661 -5.45161152 3.20939803
12.97247696 -0.30043793 -5.38426971 3.27099276
12.96248627 -0.31747782 -5.56066322 3.68317890
12.84159756 -0.67122793 -5.52447319 3.85825777
12.85794353 -1.03492141 -5.45383978 4.41417885
