30.10957578 0.20123731 -6.35311240 4.55506639
29.98144133 0.41943740 -6.34466347 4.04975085
30.13854146 -0.34757180 -6.39633120 5.00671474
30.19090459 0.19842283 -6.47510635 4.24461206
30.26128455 -0.05440327 -6.55390609 3.41585992
30.23088925 -0.26037691 -6.60242633 2.78963176
30.16240997 -0.34713679 -6.46701095 4.03833393
30.05652501 -0.69214090 -6.37774981 4.46281711
30.16624506 -1.05045823 -6.31355067 3.77409686
30.02635388 0.19024438 -6.23675014 3.18791778
29.96011327 -0.08415494 -6.18774975 3.10998504
29.86259828 -0.25133896 -6.22380128 3.00569345
30.12146554 -0.34979438 -6.32379928 4.08930358
30.11876822 -0.70976420 -6.40809667 3.63901014
30.17350675 -1.07906274 -6.42832272 3.57102448
