23.84342270 0.23749160 -2.47624135 4.85018521
23.82448387 0.40789866 -2.63574348 4.34199391
23.89692497 -0.27420682 -2.48121185 5.48283415
23.91439095 0.25432667 -2.59839831 4.45451355
23.84345245 0.08306656 -2.79938469 4.11119733
23.67667237 0.10694912 -2.72368560 4.52196751
23.93448105 -0.27483978 -2.57458377 4.54962730
23.92061539 -0.67179856 -2.60245476 4.85698023
24.06285972 -1.05507498 -2.53775949 5.01845998
23.79051971 0.23178312 -2.35382920 3.25765533
23.74337692 -0.02178252 -2.30126104 3.41131949
23.69449882 -0.23305161 -2.38624696 5.05066986
23.86429901 -0.27204702 -2.38738366 4.28293781
23.77567062 -0.66365962 -2.43002104 4.18630724
23.88401642 -1.05260327 -2.39207239 4.80129499
