27.70487633 0.21847702 -5.07525053 4.11009712
27.51866494 0.42203543 -5.04779205 3.73854723
27.72393837 -0.28824144 -5.08382130 4.35363645
27.69076653 0.21296600 -5.23906479 3.56289725
27.69772911 -0.03488309 -5.38220101 3.43923254
27.54959297 -0.20911171 -5.41240711 2.67495222
27.71681900 -0.28702450 -5.19446821 3.63773179
27.59042167 -0.64780649 -5.19758596 3.78418050
27.85925331 -0.93037219 -5.19993010 2.99032917
27.71346283 0.21580155 -4.91140442 2.71107273
27.72888527 -0.05332712 -4.84117642 2.75366592
27.65884704 -0.29711893 -4.82170239 2.78409571
27.72344284 -0.28888715 -4.97170362 3.70919533
27.64021492 -0.66719219 -4.99853411 3.16305904
27.71334457 -1.06340561 -5.04297924 3.06349706
