23.26385155 0.18691886 -4.65086518 4.24930591
23.13464890 0.38110855 -4.78261843 4.12206068
23.31462326 -0.31763467 -4.62194633 4.79741468
23.34225388 0.18793014 -4.79453163 3.85382295
23.39873123 -0.06836413 -4.88589611 3.33623028
23.23987312 -0.24075965 -4.88992081 2.68535414
23.34285240 -0.31891190 -4.72560310 4.01475277
23.26204261 -0.69404215 -4.73712215 4.34882698
23.36815605 -1.04774809 -4.67946043 4.54479151
23.20689888 0.18588116 -4.49004336 2.92828584
23.16020584 -0.08827259 -4.41623106 3.00826159
23.05261994 -0.31529679 -4.44197807 3.10345664
23.27497711 -0.32039927 -4.52076282 3.88194699
23.21298523 -0.69469751 -4.55306110 3.99659357
23.50618858 -0.90166093 -4.47568007 3.91199207
