29.85750961 0.01940662 -6.28982687 4.15667391
29.63647270 0.13554056 -6.29601860 3.85186386
30.09090042 -0.41659778 -6.30960941 5.18299770
29.81588364 -0.00354284 -6.43908215 3.57055449
29.85878181 -0.27675077 -6.49921227 3.45613503
29.69407082 -0.44176525 -6.50391102 3.39760637
30.03551292 -0.41760188 -6.39887238 4.13908482
29.80649185 -0.69723517 -6.31314421 4.35316706
29.88236809 -1.06722796 -6.31713581 4.34225655
29.90425491 0.04920622 -6.13848543 2.83474112
30.06213570 -0.16900420 -6.06228542 3.03448296
29.88976479 -0.34458897 -6.06172180 3.50853801
30.15325928 -0.40945262 -6.22093868 4.10837364
30.32603073 -0.75021744 -6.35560989 3.85534477
30.50128174 -1.08817911 -6.45053053 3.90206933
