19.18887939 0.18632869 -4.73385306 3.77990174
19.07280808 0.39646287 -4.79198103 4.20429554
19.18713036 -0.30368227 -4.73306198 4.47163849
19.20617752 0.18227127 -4.88760624 3.47080584
19.30020294 -0.04839504 -4.95408630 3.56059618
19.38227234 -0.27136797 -4.99236594 2.92406073
19.18888626 -0.30808904 -4.83661852 3.42926035
19.07539024 -0.67505398 -4.79046412 4.30745172
19.07120933 -1.04367585 -4.73935556 4.43405400
19.16021423 0.18974069 -4.58348064 2.89717359
19.14404411 -0.04606107 -4.48221845 3.23922796
19.01644058 -0.23210962 -4.52518330 3.91876364
19.18894310 -0.30246431 -4.63066273 3.74002848
19.23085900 -0.67899056 -4.64398880 3.71342649
19.49103966 -0.95385886 -4.67673969 4.16073236
