29.51614342 0.16947635 -9.42800484 3.84957442
29.45430870 0.37973231 -9.34829178 4.29353370
29.55857467 -0.33008065 -9.43337078 4.74919872
29.40996399 0.15946087 -9.54486808 3.75633722
29.39576225 -0.11009903 -9.60094375 3.32331986
29.35524407 -0.34595875 -9.57079372 2.79376669
29.50305748 -0.33506446 -9.52445507 3.83447409
29.55543633 -0.70837422 -9.48468780 4.27881374
29.72812119 -1.07770007 -9.52188682 3.62666888
29.62525253 0.17998164 -9.31263123 2.86071396
29.72351036 -0.08183670 -9.32008171 3.02212791
29.75664292 -0.31297534 -9.27326050 3.17749061
29.61389008 -0.33054631 -9.34247322 3.70302486
29.51129799 -0.67632272 -9.27916431 3.38872537
29.65210915 -1.01594399 -9.36486225 3.92330680
