22.71234703 0.25208800 -5.64891958 5.06546764
22.72793503 0.42162260 -5.71726952 3.82058325
22.73358688 -0.25420455 -5.66134224 5.00514050
22.85350380 0.26147139 -5.65980139 4.49990692
22.90030251 0.02897859 -5.65885849 4.56118135
22.89918366 -0.16010970 -5.74992924 4.59390411
22.84614372 -0.25600698 -5.64938164 4.33938856
22.98527374 -0.61999045 -5.72949161 4.83128204
23.10028611 -0.97887785 -5.65111837 4.41698695
22.57123299 0.24310810 -5.67191172 3.28828087
22.59459610 0.00112117 -5.78113622 3.14370952
22.75174790 -0.00186146 -5.97304334 3.39088583
22.61828041 -0.25767378 -5.67511053 4.03924293
22.56308060 -0.64130017 -5.78502035 4.08643694
22.42548027 -0.99942731 -5.75233555 4.35558958
