12.19116192 0.18314516 -5.60593300 4.05474472
12.07310028 0.38168400 -5.66312742 4.01900282
12.18526020 -0.31797411 -5.62446413 4.86154165
12.26735993 0.19038702 -5.74542351 3.71153302
12.36525078 -0.05988033 -5.77793903 3.62910748
12.36802864 -0.29966452 -5.78923836 3.54324712
12.24105873 -0.31705372 -5.71727381 4.06583729
12.25713825 -0.69473492 -5.71859531 4.32803592
12.38943767 -1.05023734 -5.66087590 4.05060759
12.12274627 0.16588653 -5.46328907 2.88750897
12.10883293 -0.09790523 -5.40223436 3.11110463
12.05412769 -0.33840857 -5.40113354 3.07685909
12.13239155 -0.32483169 -5.53041220 3.80579696
12.06781082 -0.68525974 -5.53121653 3.71818232
12.11181316 -1.05654810 -5.52470265 4.29871054
