28.44267311 0.21347595 -5.81678381 3.92199960
28.25025482 0.41078198 -5.80418472 3.59224520
28.44277268 -0.32824209 -5.82028351 4.50389443
28.52104264 0.22067672 -5.95993080 3.10890889
28.62783280 -0.03333294 -6.03466215 3.18057719
28.69463425 -0.26376641 -6.09973145 2.29243245
28.50180206 -0.32364889 -5.91957645 3.49098578
28.56708336 -0.69398591 -5.95420790 3.49315891
28.64194336 -1.08603420 -5.94807319 3.79348808
28.34593048 0.20853910 -5.68009758 2.69817972
28.35515518 -0.05559339 -5.57846670 2.88405895
28.32865334 -0.29709106 -5.51622257 2.72747684
28.38336182 -0.33067729 -5.72906961 3.63159399
28.36745224 -0.68996454 -5.65815410 3.61153407
28.44891700 -1.07396212 -5.58415003 3.21200323
