13.04747391 0.18854403 -6.03391075 3.74747705
12.91716385 0.39207634 -6.11192274 3.87083721
13.07189560 -0.31640616 -6.03846931 4.46424961
13.10618973 0.19497868 -6.18156004 3.36523104
13.19684029 -0.04728259 -6.21342421 3.43855786
13.24828529 -0.28533658 -6.23484945 2.61871958
13.08505535 -0.31412390 -6.14645767 3.40305042
12.99433708 -0.66394657 -6.20492744 3.86215401
13.01159096 -1.04324543 -6.19126987 3.68519711
12.99273872 0.18484889 -5.88096523 2.73248172
12.95139503 -0.07324500 -5.83609152 2.94224238
12.86717606 -0.30259681 -5.84297562 2.62300730
13.04883480 -0.31953466 -5.93466473 3.65170741
13.04946136 -0.69137722 -5.96101665 3.29709291
13.11730003 -1.06514204 -5.93661356 3.86833811
