21.61842117 0.14790184 -5.84341316 3.63186598
21.71725655 0.32384019 -5.98114338 3.74615783
21.58672982 -0.33713910 -5.82761564 4.40158815
21.65680618 0.15948455 -5.68605785 3.65315180
21.68074646 -0.09491520 -5.60508947 3.56184521
21.79825363 -0.30399265 -5.63580703 3.08969655
21.57479935 -0.33513056 -5.72113457 3.61961012
21.57067910 -0.70634719 -5.70531864 4.23797512
21.24005661 -0.91177685 -5.72406835 4.04893084
21.58852005 0.13371365 -6.00107231 2.71040330
21.53158455 -0.12691729 -6.04827337 2.93966493
21.49063683 -0.36397825 -6.09847212 3.02946401
21.58047294 -0.34301900 -5.93547592 3.66035275
21.69825630 -0.70743737 -5.87020931 3.48833428
21.55408440 -1.06455932 -5.81381035 3.87045021
