12.18774662 0.30965240 -2.24816441 4.84708862
12.25271569 0.49052489 -2.20973124 3.93353491
12.22257519 -0.20992908 -2.21478949 4.62449970
12.06558762 0.31058340 -2.18148217 4.42317047
11.93115463 0.48777471 -2.06935062 4.78665123
11.90381718 0.64526254 -1.94845407 3.88462682
12.11561928 -0.21321825 -2.18566589 3.78368206
12.02497845 -0.62044249 -2.13976135 4.46869507
11.92115745 -1.00259250 -2.18090057 4.08704004
12.32004852 0.30261833 -2.31812611 3.30988193
12.52735462 0.42385799 -2.34700465 3.55531497
12.56594677 0.65977121 -2.33329415 3.71910195
12.32282505 -0.21288534 -2.25026979 3.97645459
12.43773365 -0.61190079 -2.17896972 3.73798313
12.55694828 -1.00079558 -2.23173289 4.04401645
