12.57618542 0.18477428 -5.57293244 4.11648436
12.45700569 0.38888770 -5.62710333 4.15629301
12.55823803 -0.32940405 -5.56960640 4.78937502
12.64893341 0.18774175 -5.71231203 3.75118398
12.75519562 -0.06229920 -5.74086447 3.68439979
12.81405201 -0.29597494 -5.78334980 3.28836995
12.58409614 -0.33287814 -5.67204952 3.88822370
12.47351627 -0.69578724 -5.66011038 4.27157240
12.48511772 -1.07117219 -5.65251179 4.09532071
12.50471497 0.17561199 -5.43051720 2.93747186
12.44251251 -0.08729703 -5.38639031 3.12992301
12.36506710 -0.31730370 -5.38110485 3.08863554
12.53664322 -0.33025267 -5.46851616 3.84631276
12.60402127 -0.70237553 -5.45395908 3.72131533
12.72697391 -1.05767560 -5.41648302 4.40393038
