27.30397224 0.19924422 -4.98786306 4.10027142
27.13502999 0.39600001 -4.99958219 3.79563828
27.32264939 -0.31731834 -4.99762411 4.63778286
27.32304077 0.20223575 -5.16088743 3.57999506
27.43047180 -0.03890854 -5.22998190 3.19823322
27.53590813 -0.24980186 -5.29593659 2.22204581
27.30078888 -0.32153441 -5.10889015 3.77211747
27.16098938 -0.69165876 -5.04171495 3.88755321
27.05981903 -1.08466065 -4.97783508 3.14156713
27.30147743 0.19961454 -4.81349554 2.71701150
27.19689980 -0.05495216 -4.75724278 2.87273159
26.99802398 -0.19302715 -4.73173351 2.88775158
27.34297295 -0.31837957 -4.88641939 3.96386919
27.40346184 -0.69847779 -4.92730617 3.33583274
27.62931709 -1.01109357 -4.99443188 3.26214228
