12.93026695 0.19066103 -5.61653471 4.03987903
12.85025978 0.39263478 -5.71426668 4.28160172
12.91336860 -0.31569481 -5.62712555 4.83579101
12.95417423 0.19998041 -5.76601973 3.81376982
12.90993843 -0.04800123 -5.83950835 3.61281490
12.74959927 -0.17259864 -5.90860615 3.50692902
12.93696518 -0.31328356 -5.73197842 3.89424457
12.95235691 -0.69579470 -5.74680538 4.46397133
13.06006450 -1.06326590 -5.76951723 4.04023991
12.90999432 0.17698994 -5.46492233 2.89981971
12.95063457 -0.06861494 -5.38912220 3.22423968
12.96167698 -0.30355234 -5.34090233 3.13731918
12.89134140 -0.32432093 -5.52248278 3.79346352
12.75744533 -0.68377534 -5.49032812 3.77638130
12.76450863 -1.06143901 -5.42052517 4.31630154
