14.93250389 0.13141903 -2.84153180 4.51323309
15.03541909 0.28228431 -3.01304622 4.04236316
14.80333671 -0.33383736 -2.76973677 5.26528530
14.99086533 0.14658255 -2.70054397 4.40680494
14.83266182 0.00513728 -2.51916384 3.97386866
14.81474075 -0.22184250 -2.49352831 3.72267647
14.85410328 -0.33744691 -2.67837615 4.30769253
14.95927658 -0.69556480 -2.75694470 4.98524742
14.91014920 -1.06060069 -2.75147528 5.05907840
14.87479973 0.11394241 -2.98175922 3.22298408
14.79833965 -0.11655919 -3.06167612 3.27905726
15.00255604 -0.23990644 -3.09424563 3.66376753
14.73807049 -0.33586192 -2.85716853 4.08608065
14.63298588 -0.69758383 -2.78560843 4.19105873
14.43008652 -0.99526644 -2.68869086 4.60543366
