13.97665520 0.20156536 -7.09225579 4.36499834
13.83885135 0.38088098 -7.03418483 4.33203201
13.97783013 -0.29179892 -7.08565626 5.12081652
13.89016094 0.19624035 -7.21865234 4.00829172
13.89881802 -0.06894018 -7.22874765 4.08984618
13.82377071 -0.28784439 -7.15063219 3.52851238
13.88758468 -0.29757831 -7.17129612 4.25639878
13.76170368 -0.64891225 -7.06955604 4.82704563
13.76193008 -1.01345610 -7.03549748 4.67991524
14.04181137 0.19987166 -6.95741282 2.83785643
14.08360997 -0.06665526 -6.91763020 3.14845371
14.06199054 -0.30242472 -6.87699003 3.63908263
14.07083702 -0.29358202 -7.01223850 4.33650675
14.06142578 -0.68029341 -7.11080284 4.40546684
14.18452873 -1.02200959 -7.21347914 5.07125215
