24.37848949 0.09572027 -5.79776125 4.31286111
24.17560158 0.23089856 -5.80216222 4.25344881
24.53381977 -0.35071593 -5.81358357 4.74718575
24.36635379 0.09988209 -5.93952875 3.91214552
24.42723484 -0.12562319 -6.02116155 3.76743484
24.31469689 -0.20363793 -5.91887255 4.08285370
24.49993152 -0.35048611 -5.91492906 3.78839533
24.30149174 -0.66316702 -5.91581330 4.03796239
24.37814045 -1.02511570 -5.96495552 3.54890416
24.39434299 0.09924403 -5.65513888 3.05023298
24.48553715 -0.12171199 -5.58674278 3.34840238
24.30894242 -0.27918282 -5.57454787 3.84193244
24.57202588 -0.35118312 -5.71439748 3.99827240
24.64695606 -0.70937464 -5.78215585 3.58163736
24.96339836 -0.91363694 -5.88002028 3.88072002
