27.40246734 0.23468428 -3.41194863 3.89257326
27.23626709 0.40344181 -3.47149072 3.92385702
27.41086464 -0.28740318 -3.38985653 4.23220864
27.38682899 0.21676311 -3.56970282 3.27741375
27.38705444 -0.05633997 -3.62485986 3.16821852
27.34279709 -0.29911967 -3.63593540 2.33535757
27.39072113 -0.29438954 -3.49740768 3.49263258
27.33452263 -0.68704858 -3.43041153 3.94123078
27.35557175 -1.07631948 -3.34765115 3.54960966
27.41055908 0.24593667 -3.25043335 2.60278525
27.45356598 -0.01423271 -3.13735361 2.78840933
27.36428718 -0.24285817 -3.06853151 3.21472897
27.42747498 -0.28603327 -3.28156995 3.56428137
27.32208900 -0.66306328 -3.25608263 3.41309543
27.59381103 -0.93203465 -3.34814009 3.30259290
