6.25738373 0.41471182 -9.22867203 3.91725416
6.25377769 0.62243859 -9.19635105 3.07103233
6.19913912 -0.12561820 -9.18115768 4.39790945
6.17009086 0.40971983 -9.33432846 3.60717516
6.04536724 0.32203815 -9.24473534 3.29577422
6.07498102 0.46439399 -9.15316792 2.46215410
6.15097628 -0.12762931 -9.25896950 3.58044239
6.05175447 -0.53817410 -9.23005962 3.85476928
6.05381059 -0.98308771 -9.22874737 3.15935926
6.34914761 0.41210090 -9.11358795 2.81260118
6.34176807 0.46839213 -8.97626801 3.61748176
6.24254445 0.60589433 -9.07650280 3.06336632
6.24871541 -0.12953126 -9.09981575 3.66920638
6.15701303 -0.54681709 -9.01102047 3.31239981
6.26390352 -0.92280853 -9.06937618 3.39904032
