29.70312882 0.25618918 -10.49979152 4.15422649
29.77675896 0.46673464 -10.37991962 4.25901976
29.67754746 -0.29136076 -10.45963173 5.34449424
29.52990418 0.26746600 -10.50578842 3.97690540
29.47367707 -0.02366927 -10.49516773 3.51689081
29.47638207 -0.26105222 -10.41289272 3.17696962
29.56963234 -0.30105516 -10.45741577 4.20696335
29.54578056 -0.69646880 -10.43183270 4.73166370
29.55280037 -1.04822452 -10.68377971 4.34946718
29.87846641 0.23801221 -10.48862458 3.03558907
29.94599610 -0.05817576 -10.47880707 3.15867972
30.02053337 -0.30360104 -10.44427872 3.39594936
29.79274139 -0.28723283 -10.45598622 3.98080463
29.85496750 -0.68194323 -10.34278775 3.86657018
29.89520760 -1.08968980 -10.36934948 4.46022253
