18.04645729 0.29500341 -3.99439474 4.12668201
17.85056533 0.46092297 -4.04305866 4.08551704
18.04680420 -0.22350933 -3.99757458 4.85210848
18.10885429 0.29728833 -4.14595278 3.89114275
18.13114410 0.06219396 -4.24710503 3.74611803
17.89770714 0.07773191 -4.26942747 3.84180227
18.06940292 -0.22241331 -4.09827465 3.92054262
17.97898864 -0.61540685 -4.19139881 4.37496935
17.96463371 -1.02177567 -4.22290175 4.22304673
17.99208710 0.28292492 -3.83781456 2.98737602
17.95132660 0.04165232 -3.77147221 3.24654741
17.82043815 0.08264068 -3.89938500 4.41697527
18.02037963 -0.23105046 -3.89960360 3.90257673
17.98375237 -0.64187260 -3.93441536 3.92576063
18.05828605 -1.03546290 -3.91431905 4.24543431
