6.05675848 0.39954101 -7.78804348 4.67097855
6.04712879 0.61224712 -7.68354015 3.75990329
6.00998781 -0.10301865 -7.83784975 4.75356155
6.03589689 0.39580937 -7.86984427 4.34027865
5.79316767 0.39815666 -7.98029216 4.02549509
5.62552649 0.47553505 -7.90953051 3.13499717
6.01328913 -0.09648329 -7.88439774 3.87950198
5.96456457 -0.50824463 -7.92291842 3.77836678
5.99339792 -0.90061391 -7.92146568 3.36961056
6.07519712 0.36591526 -7.70917379 3.28492226
6.12650284 0.23703472 -7.61950186 3.96274551
6.16373058 0.41646590 -7.49245567 4.11993542
6.01233784 -0.11266737 -7.78290268 4.00166202
5.96181818 -0.52826868 -7.76423739 3.40914255
5.97398104 -0.96660913 -7.70670746 3.98429154
