22.81897927 0.22981467 -5.24887733 3.83309622
22.54449043 0.36641900 -5.18551931 3.82645340
22.92310295 -0.25504106 -5.26999693 4.50776119
22.78336143 0.23178314 -5.40500918 3.57826257
22.87081795 0.03490534 -5.55774603 3.48023657
22.72913284 -0.14987486 -5.50651474 2.68673706
22.88238716 -0.25814728 -5.36862077 3.68438874
22.76422615 -0.65106219 -5.28643684 3.98898830
22.91392288 -1.02229054 -5.33526011 4.02336903
22.86086845 0.21642558 -5.09387617 2.75753088
22.98691788 -0.00384499 -4.97097854 3.07598514
22.83209610 -0.08493675 -4.79688797 4.08990669
22.96053619 -0.25928807 -5.17072372 3.92465377
22.88966637 -0.67264893 -5.17868366 3.55163765
23.19014511 -0.89519077 -5.35080490 3.86982942
