25.46636772 0.31119218 -6.69323635 4.12841702
25.23449135 0.42861909 -6.60639095 3.81160355
25.55422211 -0.18481578 -6.74725389 4.58439445
25.44490051 0.33663946 -6.85684919 3.75888896
25.58760834 0.18352811 -7.03072548 3.25917220
25.53499794 -0.05203757 -6.99354553 2.22624946
25.53088379 -0.18269332 -6.85242224 3.78317881
25.38666344 -0.60252535 -6.81429052 3.75118136
25.65399551 -0.86432463 -6.99203920 2.72763634
25.49606514 0.29682010 -6.53277922 2.73681855
25.47296906 0.03221878 -6.44912767 2.85387349
25.23970795 0.01762882 -6.50448465 3.35449219
25.57959175 -0.18983731 -6.64246368 3.88368917
25.57025146 -0.63171929 -6.72650051 3.39047766
25.75459480 -1.01266336 -6.88662243 3.31256318
