23.25275802 0.30332425 -5.53277206 4.01798787
22.98684654 0.43276671 -5.47298965 3.92744598
23.37868423 -0.17266660 -5.57906084 4.52517186
23.25752067 0.33140679 -5.69393339 3.55803080
23.45891876 0.21898137 -5.82975407 3.24730435
23.38530616 -0.00620576 -5.84247055 2.54017677
23.33592377 -0.17744468 -5.67405806 3.74473228
23.15913544 -0.58071703 -5.58250437 4.07778754
23.14965172 -0.99021841 -5.59425573 3.72564411
23.27365036 0.27034390 -5.37685757 2.87794037
23.29147110 -0.00653941 -5.27370128 3.21169434
23.27098007 -0.24702764 -5.16440716 3.85310598
23.41720848 -0.17519813 -5.48211174 3.88993073
23.47727127 -0.60032842 -5.59017105 3.49885921
23.67601548 -0.92704565 -5.80793161 3.59686437
