21.86412621 0.22382386 -4.52768660 4.06748724
21.62503242 0.33713070 -4.40987015 4.02846289
22.00122070 -0.23032635 -4.62977171 4.59871101
21.83373833 0.26293617 -4.67639446 3.79109049
21.96896553 0.17074491 -4.89325285 3.49086976
21.98947144 -0.07237287 -4.88031244 2.63943005
21.95655441 -0.23188365 -4.72775936 3.79276252
21.80017281 -0.62512273 -4.60906696 4.34848118
21.97970390 -0.97922975 -4.68265057 4.13659620
21.91567993 0.18863772 -4.38065338 2.81844783
21.94777107 -0.08725324 -4.29083347 3.18118405
21.90883255 -0.32442957 -4.17875910 3.57599831
22.05125809 -0.23610641 -4.53533554 3.84354210
22.07165909 -0.64963782 -4.52419758 3.40535212
22.26743889 -1.00580776 -4.65691137 3.86745286
