5.84248839 0.22726910 -10.71876259 3.94333163
5.94563522 0.43333070 -10.85389595 3.96933313
5.80897398 -0.31736188 -10.71324272 4.84550886
6.00828657 0.22755816 -10.69726753 3.64870238
6.06357336 -0.04370123 -10.59796257 3.48909397
6.06014061 -0.26080407 -10.70470829 2.32190714
5.92065115 -0.32299245 -10.71025658 3.83844704
5.87516480 -0.72178128 -10.75201282 4.25710697
5.97206449 -0.96750376 -10.46703263 3.80345335
5.67090397 0.22615766 -10.75387364 2.85605564
5.51749620 -0.00699699 -10.67246875 2.92910413
5.51891365 -0.18217063 -10.84386502 2.64687133
5.69979429 -0.31549199 -10.71665364 3.90445438
5.61914310 -0.68450197 -10.78792248 3.63689952
5.61443462 -1.06940096 -10.65164585 3.43469110
