18.33434601 0.31188963 -3.93266430 3.97983084
18.07193222 0.47951468 -3.93015442 4.26115865
18.37037239 -0.19710627 -3.92374616 4.84951105
18.35901565 0.30949470 -4.08252258 3.81377731
18.51676864 0.08560181 -4.11466551 3.57722459
18.59988174 -0.13846470 -4.07770367 3.26085811
18.39553337 -0.19511517 -4.02460489 3.89578476
18.42777100 -0.60573077 -4.03725405 4.41057568
18.60216407 -0.96851517 -3.97190213 4.22386074
18.33058052 0.30417456 -3.78331580 3.02049770
18.46108246 0.08120662 -3.68530135 3.13466616
18.51980095 -0.13979479 -3.64595113 3.51713958
18.35200500 -0.21661631 -3.82389946 3.86569491
18.23500977 -0.61430470 -3.86300726 3.72456131
18.25044213 -1.02475006 -3.86046576 4.27879143
