29.65698052 0.24443986 -7.30874891 4.37489948
29.72239838 0.45705308 -7.49855099 4.06601525
29.67568969 -0.28025603 -7.28032245 5.30522289
29.78831749 0.27684993 -7.22789602 4.39900341
30.02499161 0.14465084 -7.24517393 3.66824417
30.19618836 0.11566887 -7.25407724 3.87556372
29.76329307 -0.27556318 -7.23447456 4.28077917
29.85304680 -0.65157379 -7.28988714 4.60366068
29.81918678 -1.07599320 -7.20985728 3.99181442
29.51278000 0.22242753 -7.37856465 3.03031912
29.43674278 -0.04667717 -7.39397087 2.97309194
29.45841217 -0.28736325 -7.46582994 3.25903830
29.58637543 -0.29244220 -7.33159981 4.11201935
29.65597076 -0.65985831 -7.43351565 3.82726698
29.73618660 -1.05694475 -7.39875669 4.19615765
