12.27710571 0.10905013 -5.54990178 4.75326862
12.09727783 0.24113725 -5.66710615 3.64323607
12.37818966 -0.35076381 -5.47788582 4.86045389
12.41568470 0.12204355 -5.59698563 4.42478466
12.59123783 -0.04237513 -5.66541567 3.72134156
12.63384342 -0.18758538 -5.83038454 3.01839251
12.47297459 -0.35282721 -5.52550583 4.14104824
12.47781468 -0.77542762 -5.60743351 4.53899059
12.74847889 -0.89324836 -5.36154775 4.12304058
12.13447113 0.09722387 -5.49917269 3.39861312
11.84521923 0.03782605 -5.60459728 3.24453392
11.65040856 0.04522164 -5.75577097 3.06453200
12.27919845 -0.34735183 -5.43359070 4.02700767
12.00662613 -0.62510997 -5.60697298 3.68681359
11.90846043 -1.02546671 -5.64318838 4.02350583
