10.68515015 0.31116838 -6.04684858 3.94037118
10.91555595 0.48578473 -6.03377409 3.88781929
10.62639866 -0.21022838 -6.04892902 4.61632834
10.64333153 0.32663493 -5.88933363 3.55648084
10.51508274 0.09148958 -5.83167763 3.36360373
10.61363487 -0.12119450 -5.79054079 2.55339517
10.60957355 -0.21266497 -5.94126892 3.82761917
10.76177807 -0.60537381 -5.93233242 4.14312658
10.66295185 -1.00177606 -5.97637205 3.80186363
10.72220841 0.28866447 -6.20571232 2.83394465
10.75876122 0.02394481 -6.31613245 2.89961190
10.90917301 -0.17641902 -6.33643847 3.65935259
10.63101635 -0.21098925 -6.15775947 3.80021010
10.56878128 -0.62032489 -6.15476847 3.17775626
10.45172825 -1.02999368 -6.17808523 3.74863806
