23.19187203 0.32565718 -10.19293728 4.23936167
23.25822640 0.41770281 -9.99003773 3.84069476
23.19351349 -0.17828429 -10.24233284 4.84447403
23.04228897 0.34010300 -10.11772842 3.84930668
22.88976173 0.12730300 -10.13323059 3.36840391
23.03718987 -0.05042959 -10.10259667 3.02009936
23.08716812 -0.19050298 -10.21573696 3.73340464
23.09408302 -0.59911820 -10.16375179 4.16758309
23.07090073 -1.01775966 -10.22344971 3.49206295
23.34300194 0.31634820 -10.27147979 2.95825667
23.49100189 0.14501307 -10.41515865 2.93708234
23.40126190 -0.04620584 -10.30735550 2.69913569
23.29781646 -0.18515650 -10.27702808 4.08920307
23.39087906 -0.58610868 -10.16791821 3.46063151
23.32182312 -0.99582617 -10.30826511 3.73775740
