12.26309338 0.30822212 -3.40651479 4.09235429
12.18287868 0.50056482 -3.56137867 3.92687192
12.24332829 -0.20524946 -3.38452134 4.60187969
12.37604732 0.30676862 -3.52163038 3.78663287
12.51782741 0.08667085 -3.46777525 3.59404469
12.44639740 -0.12861643 -3.53154521 3.01248574
12.28332805 -0.21295371 -3.48042507 3.76540465
12.13622837 -0.60273729 -3.47224732 4.40301628
12.11902904 -1.02477300 -3.41816435 4.04795113
12.15333690 0.30689647 -3.29084759 2.82940040
12.07636127 0.07494323 -3.18372412 2.97544184
11.96328659 -0.08750030 -3.32237434 2.85298462
12.20337658 -0.20396430 -3.28847246 3.69625149
12.32959804 -0.59838610 -3.24121442 3.76426130
12.59763393 -0.84726868 -3.07060194 4.29773521
