5.23443699 0.25148777 -8.38358269 3.59574346
5.37540951 0.44645644 -8.30547390 3.72229695
5.20064955 -0.27013317 -8.39376182 4.42009497
5.08395195 0.26146098 -8.31320877 3.42265968
4.96489153 0.00901765 -8.33306256 2.89097071
4.92467737 -0.22605277 -8.31040478 2.07283952
5.11239081 -0.26565621 -8.32138786 3.58583808
5.18634014 -0.65323388 -8.22797222 3.74873600
5.19085388 -1.07889752 -8.18217755 2.97172899
5.38341122 0.23892097 -8.46583614 2.37056989
5.44446430 -0.03870414 -8.48194523 2.59314961
5.48284559 -0.19714461 -8.27118454 2.59482613
5.29176645 -0.27793472 -8.46069507 3.65977258
5.26744556 -0.68308205 -8.47755642 3.09490795
5.11934252 -1.04383469 -8.67322121 3.25189638
