12.03069115 0.28281406 -13.42812824 3.84393215
11.95237541 0.48939335 -13.28880501 3.78637147
12.03448391 -0.23423389 -13.43679428 4.34665108
11.95176983 0.28921145 -13.57343864 3.61457133
11.96350574 0.07303386 -13.72328472 3.29474783
11.77655411 0.00771830 -13.61070156 2.31682730
12.01326180 -0.23672348 -13.54063606 3.58533049
12.01375675 -0.62939686 -13.53972816 4.11878395
12.21746922 -0.99940121 -13.60684490 4.23287249
12.09752464 0.27315167 -13.27719879 2.81668162
12.24922276 0.04927200 -13.26289177 2.89304829
12.08275223 -0.09108125 -13.20224762 2.68159628
12.05784416 -0.23850283 -13.33530903 3.68188596
11.99519539 -0.62836277 -13.33036423 3.51361918
12.24970722 -0.95992506 -13.44527245 3.83343434
