28.99172974 0.31237324 -7.31904449 4.50320921
28.78326187 0.47735792 -7.32093706 3.72440372
29.03555565 -0.23205879 -7.36951847 4.56664524
29.10633774 0.31361626 -7.42752742 3.78268642
29.20726585 0.05736723 -7.46791496 3.24691687
29.14958611 -0.18660737 -7.52098065 2.86004305
29.12510834 -0.23243794 -7.43128624 3.87000218
29.12524910 -0.63261171 -7.44582672 3.67549367
29.25670357 -1.02530312 -7.27651701 2.77958345
28.87098694 0.28744913 -7.21449881 3.05916062
28.81289368 0.03759376 -7.11523943 3.21107840
28.84640274 0.06268223 -7.33349600 2.36955681
28.94416046 -0.23897950 -7.30515375 3.81801100
28.94183884 -0.65243531 -7.31201525 2.95070543
28.94485169 -1.06657825 -7.30985556 2.82565260
