25.54796524 0.16502653 -11.92048855 4.41639481
25.50605659 0.32904457 -11.72372894 4.09999332
25.65310288 -0.30927696 -12.03181896 5.27825184
25.43736573 0.17983243 -12.03415699 4.15473271
25.47758141 -0.02318318 -12.23513145 3.81182919
25.46419792 -0.25045866 -12.25760803 3.27169843
25.55288849 -0.31326924 -12.06757965 4.28048439
25.63464355 -0.68357689 -11.84032917 4.66831322
25.73783455 -1.09942651 -11.88341274 3.79441605
25.65724144 0.14503389 -11.81116429 3.18037539
25.69092407 -0.12004080 -11.72220326 3.33617716
25.64777222 -0.28710016 -11.54342098 3.60215392
25.75914993 -0.30547159 -12.00647869 4.10324421
25.78165855 -0.73375017 -12.01363029 4.16685162
25.84104881 -0.95871044 -12.39045029 4.61309490
