18.54973984 0.24856338 -4.87703657 4.00031137
18.67352104 0.42850897 -5.03707743 3.85004807
18.54872131 -0.25661355 -4.87470579 4.79938412
18.61104012 0.25966319 -4.72905874 4.02995300
18.54300880 0.07249287 -4.55310869 3.51713514
18.73348618 -0.04157145 -4.64027977 2.84731793
18.55483246 -0.25916281 -4.77096701 3.98331738
18.60259056 -0.65812773 -4.82801771 4.41989040
18.41518593 -1.05069435 -4.76903629 4.15072775
18.50277710 0.22820579 -5.02907610 2.92092323
18.38360786 -0.00546202 -5.07133627 2.94869256
18.57063675 -0.12382984 -5.10028839 3.20568347
18.52708054 -0.26227230 -4.97543240 3.92102146
18.51309395 -0.67625701 -4.97083187 3.83653355
18.14695930 -0.80074251 -4.87877560 3.97722530
