14.23882771 0.33942381 -9.00665493 4.83643151
14.10493526 0.51790866 -9.05432034 4.46563015
14.24298668 -0.17487534 -9.04708595 5.63098955
14.30574264 0.36537788 -9.13808670 4.62268772
14.47017098 0.20295101 -9.22744942 4.36397095
14.33832855 0.07153376 -9.20880432 4.86337023
14.26966114 -0.17254861 -9.14296551 4.67295799
14.18047199 -0.58716427 -9.20949364 5.05657425
14.23255977 -0.97820402 -9.20568313 5.22291832
14.16547718 0.31899264 -8.87755909 3.43271761
14.12727738 0.09771782 -8.76634865 3.37959518
14.08958035 0.03091852 -8.95591907 3.94052897
14.20392361 -0.18381430 -8.95827103 4.42575550
14.19694843 -0.60490128 -9.02768860 4.76048613
14.40740566 -0.94836118 -9.02813625 5.28571606
