17.23687058 0.26319430 -4.57471629 4.17936297
17.28496475 0.42994649 -4.74615745 4.05531569
17.25240021 -0.23090441 -4.54183569 4.84810944
17.33845024 0.28140934 -4.45714540 4.20926762
17.31832352 0.09492325 -4.29080515 3.65950775
17.41071663 -0.05327237 -4.44749699 3.34320779
17.27185860 -0.22740401 -4.44072122 3.88572101
17.28186493 -0.61817852 -4.41596660 4.74761324
16.93339996 -0.79725196 -4.26235323 4.67992602
17.15015945 0.24818047 -4.70132151 3.04176631
17.02009697 0.02575143 -4.67716388 3.20287075
17.13209915 -0.12980001 -4.75362358 3.41633415
17.22350540 -0.23760217 -4.64120664 3.91465277
17.31599503 -0.62255175 -4.61692686 3.64276437
17.27848968 -1.02738148 -4.54893751 4.30425424
