29.71651726 0.27118930 -10.31329517 3.95243254
29.78161965 0.46089687 -10.18198299 4.01169443
29.73243065 -0.28461007 -10.30989456 5.04064942
29.55623398 0.27065425 -10.35645199 3.89821300
29.50462189 -0.02081069 -10.37040024 3.52387056
29.49287567 -0.25791450 -10.34000301 3.07719183
29.62849541 -0.28818339 -10.33047657 3.85599556
29.58040390 -0.69686684 -10.34021740 4.29953089
29.59279671 -1.09574991 -10.47816944 4.09710550
29.87620087 0.26412533 -10.27584801 3.07442818
29.95702247 -0.01632813 -10.23907051 3.18634210
29.98119163 -0.20784153 -10.08755684 3.25757008
29.84217605 -0.28075817 -10.29411564 3.90990649
29.90241775 -0.66876005 -10.22253513 3.98084717
29.92429886 -1.07071538 -10.32269306 4.19147777
