25.68754882 0.26033226 -10.45065078 4.26501551
25.55486107 0.46580729 -10.32415619 4.34759970
25.78140945 -0.24917133 -10.48420295 5.06645326
25.62491989 0.26184318 -10.58999996 4.13286438
25.69529419 0.00780468 -10.69866409 3.57310076
25.56385651 -0.14950644 -10.57374077 3.06555056
25.73128281 -0.25516673 -10.58058472 4.17549191
25.59682656 -0.63290179 -10.62209797 4.38727045
25.61779785 -1.04261841 -10.73154353 3.93945360
25.75338325 0.25536816 -10.31133117 3.07466640
25.85255204 -0.01406400 -10.28562927 3.01555510
25.80196762 -0.25196927 -10.28534202 2.98554506
25.83135834 -0.24927549 -10.39128494 4.10111542
25.89531975 -0.65039907 -10.36434651 3.83087960
26.06400299 -1.04814296 -10.40116672 4.08102637
