6.64278794 0.29987980 -7.73447895 4.23236580
6.75307064 0.45487930 -7.84465570 4.31794148
6.54807119 -0.22531022 -7.73447170 5.10377159
6.71470613 0.31130585 -7.58827371 4.10758772
6.59540367 0.14604286 -7.41931877 3.65418620
6.63889952 -0.04674384 -7.51663637 2.95470285
6.56834841 -0.23512212 -7.62554407 4.24334679
6.57451486 -0.64555058 -7.64187803 4.39135780
6.43097582 -1.03292341 -7.57596312 4.07471753
6.57346611 0.28300412 -7.88032809 2.94641595
6.48942852 0.04923695 -7.97293339 3.07964044
6.62251358 -0.11870646 -7.93398590 3.28574505
6.50129795 -0.22712857 -7.83488837 3.98168154
6.45021076 -0.63441132 -7.83923206 3.71864805
6.25871363 -1.00883212 -7.82783279 4.08390961
