27.44057083 0.27926077 -4.51934061 4.26525526
27.21212730 0.42816466 -4.50405626 3.80198669
27.60124435 -0.21041865 -4.51893425 4.73619089
27.47883263 0.29723960 -4.67458591 3.87066412
27.66045838 0.10961919 -4.79075699 3.23317852
27.67463188 -0.13180243 -4.81696520 2.51420479
27.60060845 -0.21039042 -4.63826943 4.28063717
27.49161415 -0.62682650 -4.63413363 4.04380398
27.74453621 -0.91202134 -4.70719853 3.05584369
27.39866791 0.26808045 -4.35986195 2.91036319
27.35291900 -0.00815218 -4.28188258 2.80247578
27.18944702 -0.14801513 -4.35375805 3.10283303
27.59872475 -0.22109074 -4.40432453 4.00564022
27.58158912 -0.64582783 -4.45421152 3.47116213
27.78210068 -1.02998893 -4.52910223 3.29265437
