21.98967743 0.32334465 -2.38027249 5.05204459
21.99150276 0.49694437 -2.55587177 4.38932752
22.04169083 -0.19414655 -2.35374012 5.65321741
22.05982361 0.33008847 -2.51442623 4.82240391
22.12805099 0.10362899 -2.56489525 4.21315889
22.09276657 -0.06668784 -2.63159552 4.09120655
22.04720993 -0.20313150 -2.45605836 4.69841347
21.92378006 -0.59119042 -2.37604962 5.18440294
22.11108017 -0.99949766 -2.26715727 5.55302878
21.92847023 0.31502543 -2.24350405 3.36556549
21.94013977 0.10348296 -2.10569777 3.52424221
21.83572655 -0.04072578 -2.21920280 4.32206902
22.04551239 -0.19297192 -2.25200377 4.47859697
21.93385582 -0.58696342 -2.26859898 4.61021709
22.15907669 -0.89564824 -2.27680387 4.89109612
