6.00531129 0.25275800 -9.67144279 3.93076887
6.16251049 0.45813608 -9.57737904 4.00967789
5.96978740 -0.26942547 -9.63857040 5.01571884
5.86467075 0.27266999 -9.58307533 3.68623200
5.74247198 0.01915960 -9.59219914 3.35962615
5.92343855 -0.12863527 -9.51596717 2.31710767
5.87137899 -0.26689415 -9.60233459 3.90211181
5.86027470 -0.67652699 -9.55498791 4.11197710
5.75095091 -1.06170991 -9.64771480 3.86912212
6.14843006 0.23436559 -9.74468841 2.90526352
6.14885836 -0.04657162 -9.81175518 3.16838837
6.10650978 -0.17120104 -9.63070984 2.71254225
6.07040243 -0.28537282 -9.66511574 3.97874169
6.09966955 -0.66097963 -9.54944649 4.28087454
6.05235815 -1.05374470 -9.61778088 3.77253680
