29.22894325 0.09478753 -7.34467068 4.45172157
28.99956093 0.20555600 -7.25602074 3.78282728
29.43050155 -0.33054367 -7.46048460 5.55635004
29.13801651 0.09938897 -7.47358046 4.14423628
29.21247063 -0.08392380 -7.66177778 4.11555958
29.21134568 -0.30869728 -7.63562565 3.57830372
29.35471458 -0.34435339 -7.53892737 4.55482883
29.32344856 -0.73040018 -7.42808532 5.22217818
29.46669311 -1.08595624 -7.48764229 4.98906421
29.32278786 0.09287600 -7.22416649 3.12755327
29.52072906 -0.15889011 -7.22991972 3.28955936
29.60841904 -0.38704039 -7.27322035 3.76927838
29.51410790 -0.32475556 -7.40470037 4.07134466
29.50518761 -0.72116754 -7.41888094 4.71670571
29.80116959 -0.87561293 -7.68610163 4.25481205
