8.52452068 0.17309764 -10.66006107 3.66924276
8.42950802 0.37301615 -10.50955257 3.56389999
8.49637585 -0.30346969 -10.67306480 4.35762339
8.44541130 0.18237075 -10.80119763 3.46915470
8.58989811 0.06243522 -10.99348965 3.28730650
8.55239162 -0.15638306 -10.96390038 2.78142338
8.42961541 -0.29522835 -10.75419216 3.67082200
8.19730587 -0.62454065 -10.58314113 3.91996660
8.12086850 -1.03511193 -10.62804756 3.26414714
8.60723419 0.16359334 -10.52421761 2.66809364
8.72228279 -0.08030479 -10.47235756 2.88230896
8.56314545 -0.24743165 -10.41233368 2.38059635
8.56751022 -0.31584170 -10.59477482 3.73684344
8.46156788 -0.73292041 -10.56767540 3.50396862
8.68256092 -0.97868752 -10.82986755 3.51267700
