9.11943626 0.26238900 -12.42883110 3.59430838
9.36663723 0.40734985 -12.52003860 3.50763130
9.04500961 -0.25782380 -12.44402885 4.41227961
9.18085480 0.26082164 -12.28116798 3.28356719
9.12637043 0.02612140 -12.14675903 3.14162970
9.27915859 -0.05420238 -12.29009247 2.96929145
9.07927418 -0.25997457 -12.34126854 3.73900032
9.15610981 -0.66109705 -12.42346191 4.02556801
9.03022003 -1.04898882 -12.37999535 3.64385390
9.05584526 0.25791302 -12.57897949 2.70294738
8.88459015 0.03473733 -12.62785816 2.84208298
9.05873489 -0.11425225 -12.66885948 2.34892011
9.01259995 -0.26016778 -12.54583263 3.77157378
9.09605408 -0.66959566 -12.59419155 3.52171659
8.79793549 -0.92174375 -12.42673683 3.41923118
