18.19858742 0.31812361 -2.96837211 4.75017643
17.95068741 0.53684509 -3.06489134 4.99017334
18.18993187 -0.19067079 -2.95578647 4.99347782
18.23647308 0.32556993 -3.11436605 4.14039183
18.31483459 0.07525308 -3.17027211 3.76753521
18.28929138 -0.15803716 -3.19703150 3.47612190
18.20105743 -0.19372810 -3.05973482 4.01557970
18.06867981 -0.57542264 -3.06384182 4.73438120
18.10411453 -0.99412155 -3.04923320 4.71238995
18.15073967 0.31083870 -2.81752920 3.33584452
18.10934448 0.04790330 -2.73980594 3.37910080
17.99592400 -0.16755848 -2.75881577 3.96079898
18.18432045 -0.19056287 -2.85157704 4.00855970
18.18329620 -0.58901036 -2.88418365 3.88713694
18.29289436 -0.97879809 -2.91666245 4.61005783
