28.98258324 0.31605785 -7.20284720 4.46887484
29.06698036 0.53555000 -7.33070478 4.00217405
28.98432389 -0.21274907 -7.14531765 4.83586864
29.11676064 0.32967257 -7.11666413 4.20603433
29.16520538 0.06043190 -7.06372871 3.17476730
29.22264786 -0.16127459 -7.09874754 2.18331075
29.07726593 -0.21426039 -7.12670622 3.94765225
29.15793495 -0.60439973 -7.20908127 4.07810650
29.17435685 -1.03771877 -7.15687895 3.53158135
28.85519791 0.28899950 -7.28888311 2.91763659
28.78932724 0.02494971 -7.34578304 2.91494083
28.78658638 -0.22614855 -7.37539368 2.76861353
28.88981438 -0.22053027 -7.15660420 4.08773289
28.87671204 -0.62467641 -7.17223206 3.19886760
28.82837486 -1.04191327 -7.13593254 3.22483644
