26.88183784 0.27292886 -12.20346165 4.15345573
26.79675674 0.51175392 -12.10204697 4.77030277
26.92023468 -0.25194091 -12.23452568 4.88108635
26.79149055 0.26915354 -12.33692741 3.56913471
26.74809837 -0.00127084 -12.40507412 3.27818751
26.67634583 -0.24409284 -12.41309166 3.08113647
26.84334373 -0.25474420 -12.30838585 3.89553356
26.76013374 -0.63673151 -12.24609089 3.83056879
26.68211555 -1.05398107 -12.21935844 3.48147249
26.97637177 0.26390406 -12.07097244 3.14504075
26.96044159 -0.00130094 -11.98381138 3.13534498
26.79489517 -0.18157384 -11.94402695 3.69899559
26.98860168 -0.26164567 -12.15748692 4.28313541
26.95638275 -0.67068839 -12.18149948 3.54216719
27.02832222 -1.07316804 -12.27030277 3.94595075
