27.68168029 0.34116228 -6.35120048 4.07286711
27.47597084 0.53368981 -6.31554699 3.80429721
27.72779655 -0.18740102 -6.38891707 4.43651600
27.70292320 0.35020242 -6.51464348 3.30110546
27.74614830 0.08234033 -6.59644365 3.30131302
27.65868912 -0.15771125 -6.59387836 2.57925525
27.72897835 -0.18651756 -6.49838476 3.70664282
27.63654251 -0.59281580 -6.54400825 3.99280629
27.66383209 -1.01922455 -6.56259680 3.14967031
27.66484070 0.32952732 -6.18848906 2.81664763
27.68568458 0.03990946 -6.13533020 2.79101229
27.66216545 -0.22582797 -6.11939297 2.89051294
27.72981491 -0.19945479 -6.27740822 3.96776276
27.69613953 -0.60696108 -6.27261763 3.20102873
27.70692215 -1.03047619 -6.27446689 3.22498212
