20.76883011 0.27481963 -3.89496569 3.93502984
20.53490867 0.41902285 -3.81944904 4.24449835
20.87966004 -0.22219300 -3.90843306 4.62875748
20.70796089 0.27219385 -4.04522004 3.70785580
20.69372063 0.01935479 -4.13562078 3.59195399
20.59400826 -0.07035558 -3.92353935 3.48613520
20.86465149 -0.22354732 -4.01399488 3.68399262
20.98116074 -0.61751763 -4.04712229 4.26898088
21.19580651 -0.94644930 -4.13689967 3.90251560
20.83350220 0.27048326 -3.74960055 2.90399174
20.96281624 0.04631687 -3.66000624 3.10696144
20.89030342 0.00344226 -3.46001401 4.40382433
20.89881821 -0.22425090 -3.80236063 3.80324764
20.75117569 -0.61155825 -3.71406136 3.71172070
20.77414551 -1.01852631 -3.66428266 4.33031273
