20.65417175 0.28202174 -2.55237746 4.21014796
20.54290848 0.46162488 -2.68668766 4.10321064
20.68105507 -0.22673680 -2.54228206 4.71780901
20.70580101 0.28309670 -2.69561114 3.80599837
20.80887528 0.03151772 -2.73328548 3.55569687
20.84209251 -0.20901229 -2.74687715 3.00619536
20.68877639 -0.23395251 -2.64409256 3.71686311
20.56601868 -0.62389186 -2.63858228 4.43310051
20.53636970 -1.02083828 -2.60624581 4.46371269
20.60217857 0.28165606 -2.40771385 3.06201425
20.54015541 0.01254522 -2.33819189 3.29477815
20.39349632 -0.19397744 -2.37815580 3.62038040
20.67894516 -0.23360793 -2.44068064 3.84878545
20.68882866 -0.62631903 -2.46975546 3.74131078
20.96785850 -0.92711536 -2.46887507 4.18697405
