9.32591667 0.29274211 -5.42157879 3.68207259
9.58640842 0.41120448 -5.34797754 3.57450333
9.30833760 -0.22611493 -5.44644737 4.72291660
9.30760708 0.29754102 -5.26318655 3.50221367
9.30798359 0.01355722 -5.20395670 3.39942012
9.39110566 -0.21449489 -5.19334116 2.96288357
9.27484417 -0.23439017 -5.33877735 3.80699191
9.30752639 -0.64479081 -5.39102478 4.06782455
9.22815819 -1.05259562 -5.45815411 3.96391277
9.33070317 0.28170917 -5.58085890 2.76287599
9.27114601 0.00440589 -5.64715919 2.81377273
9.28628349 -0.24919190 -5.66141329 2.46315593
9.33057041 -0.23052535 -5.55330963 3.79072457
9.48590164 -0.61232194 -5.53601675 3.84569130
9.34776249 -0.99016099 -5.59411659 3.71786842
