23.73714447 0.17770359 -8.86225128 4.27749920
23.59736824 0.36222354 -8.97288036 4.03177500
23.75850296 -0.32969463 -8.84584618 4.78828049
23.75966263 0.19322705 -9.00308228 3.87823749
23.82927704 0.07242978 -9.18351746 5.02330780
23.53714752 0.19558048 -9.23279667 4.11920977
23.77305603 -0.32583055 -8.94972992 3.91132426
23.78226280 -0.72582799 -8.93045425 4.41947937
24.06447601 -0.96044999 -8.81906414 4.10742950
23.72028732 0.17436038 -8.72083855 3.02119756
23.77895546 -0.05413073 -8.60700512 3.04891109
23.63486290 -0.24967475 -8.59518147 3.18848896
23.73867035 -0.33125538 -8.74224854 3.93549347
23.65364075 -0.71359760 -8.78470421 3.72597122
23.73749924 -1.07797563 -8.72277927 4.14321136
