20.98684502 0.21473399 -5.82954550 4.72890091
20.90089035 0.42035851 -5.74303818 4.90539122
20.99637413 -0.31172737 -5.84713745 5.40772963
20.96772385 0.20945311 -5.98382568 4.42614746
20.97476959 -0.02596818 -6.07353115 4.34995699
20.82743835 -0.08152179 -5.93986654 4.55594826
20.98233414 -0.30503044 -5.95258045 4.44080687
20.89876366 -0.66825867 -5.95291424 5.11854315
21.19602394 -0.92835242 -5.93920946 4.72830296
21.01172256 0.21700254 -5.66786718 3.36619878
21.04878616 -0.02013056 -5.62515926 3.12999511
20.84523392 -0.08090641 -5.66778946 3.53263354
20.99904251 -0.32194358 -5.74158669 4.16548395
20.93531609 -0.69760346 -5.78001928 4.43914986
21.07310677 -1.05546570 -5.80148554 5.12098217
