12.77050781 0.17108512 -10.10733986 4.09934759
12.58718300 0.38100612 -10.01539230 4.36056805
12.82246971 -0.32710540 -10.16825294 4.93628025
12.71072960 0.18406409 -10.25191593 3.94148993
12.71247005 -0.05891906 -10.37020397 3.65428090
12.60711765 -0.17436655 -10.18109512 3.00123072
12.81061935 -0.31590748 -10.27437973 3.91597581
12.76870441 -0.67176723 -10.36819553 4.55343437
12.96456718 -0.97559530 -10.52756500 4.14142895
12.83107567 0.16000658 -9.96305084 3.04022264
12.94893646 -0.06639223 -9.91450310 3.22644567
12.80310059 -0.24162520 -9.86504173 4.15435028
12.83979797 -0.33539951 -10.06048584 3.99446464
12.72860909 -0.68103486 -10.07935715 3.90654421
12.82192421 -1.05271280 -10.11625195 4.29905844
